-79.2945797744484,-46.7106141745116,-62.0786708346812,-108.676346599675,-86.8204703632282,-174.635594058469,-67.2164942469749,-68.0808595907032,-94.757798999693,-42.29010273993,-116.675474220347,-144.694651745336,-122.008776108361,-75.7843008326145,-92.2930137410344,-93.3876231132106,-61.2841187306935,-76.8355789774844,-126.063089085054,-82.7732191828927,-75.9019973273324,-50.7838228919738,-114.418301770877,-233.571198247623,-86.6401935680142,-60.3118724825142,-128.204644201927,-84.9974689989857,-117.31404271357,-72.996718636245,-75.4638277326971
11.9643658422263,7.53208117748949,10.596922456588,-43.4804949115316,1.10078272850719,-53.4990968315844,-8.26462237303255,-5.77043289966666,1.08733861523407,-10.9638641020451,-27.6517319470399,-16.3267219967581,-13.6177760975695,-14.844650373775,-13.7367154853435,-10.9629938293438,7.03816421146454,-3.65564197290222,-28.9070932046915,-4.99007513139652,-10.2440831780355,0.517723955862813,-19.9624088789252,-88.517754883498,-20.5691062188652,-31.7162678885599,-19.0546527791383,-7.95832339277143,-24.4068722823664,-35.238109057089,-24.2963997200288
25.1104373220815,30.4423822206722,24.9860932543926,0.389205808951353,20.6169637065565,-34.6478653636529,31.9049344620954,2.81107202371079,19.771358986389,18.4037676921819,1.92861426828333,8.95547175030161,4.65434618970022,6.05826126091023,-0.482608665522143,-0.153789127951946,7.03816421146454,5.60155524970332,16.9274007927463,19.9996740399012,8.23776134122345,24.5000566040838,-0.863088350651587,-27.893041801937,-13.230652181051,7.24134546980267,3.62344777250262,36.4626836543741,-0.561751723394778,-24.2164076645677,-20.2934750172387
40.6144853927791,38.1188324613372,33.2728040295006,1.78758780457034,24.9869962506648,-6.41005104764621,44.0917343494448,4.609725143821,24.6560986003086,29.158478173917,11.0506641061646,11.5592661386764,9.49466894798957,37.406810745312,7.25480894727724,8.82896274645627,20.4157286739575,19.9000011264903,21.499078644001,26.189784224982,11.4137432663679,31.5302597693375,1.69980816857699,-22.5570129611795,-0.42758633710671,7.52456324792348,12.0426529045239,43.4194952454026,24.0938696216756,9.59047402565636,-3.42115058052012
42.0369181764614,40.6279025912871,42.098989144975,13.6562759891046,26.5450624390009,-2.97174321571661,45.1680319287089,7.87554741636452,25.8335609471618,32.7781189279327,17.7057859941269,17.5986605812055,15.7003085646226,41.1369034499776,12.0602898556257,12.9101862524195,45.2092383270919,21.4043534959582,22.6395301531057,27.9604640883381,15.3657489826619,38.5258632392324,8.20722760297798,-20.9249040807199,8.11905049013547,16.553580816465,16.0273416811862,43.4194952454026,36.4861596877306,18.4717032128491,2.71416880181977
44.7201302332494,41.9332515906253,46.2376625873467,26.4874651699186,31.3834040393792,-0.839891158716192,45.2184687552898,9.35756073302186,27.8993950252979,34.2044306408972,25.4592084297034,25.3178138424544,20.375350751388,52.5418882447928,21.632230382626,17.0926311858089,53.7065842232974,23.1193101349605,26.8809904052012,30.0734076700976,16.3986127414747,40.0064944907064,9.71930578242953,-4.0260258900696,11.3036937202899,26.4766761751468,20.5427648081355,44.6925990583027,37.7786199597361,23.1964788179755,4.70617851644177
45.6313278646667,44.0449879499396,48.5503461661537,36.5975079289645,33.1861586353809,2.04268340872344,45.7983754457509,9.50038239743828,30.3731767760006,37.9351753386274,30.210865588196,33.379090232414,25.548028277172,56.5092230017844,26.6468832872639,23.3213324386208,54.8086075120747,31.8297502201581,27.0085019163574,30.5891980974771,17.0554149758765,46.5903530935517,9.86673825154685,10.9300944030699,16.068163009353,28.0932678804421,25.6322124781369,48.3514002525984,40.1601162240286,24.4644588255606,6.69400426472731
47.3144559883977,44.0491431443455,50.2913341182885,40.9385479677354,34.1246117341079,4.67278500837289,47.4204980123157,10.9588936077822,31.6342964606873,39.8141220387923,30.8787806869203,37.2429629327077,28.7848153455928,59.2880285992286,29.8182703358348,25.4109005612025,55.3618499570064,32.3137186722824,28.7423779963937,32.2322619889469,17.8082633697914,47.4241179982576,10.2962848557328,30.7363628457934,17.4527657669551,31.4455431147479,27.9114086102935,51.5894580975029,40.7987637488884,26.6734286267144,8.60933695999536
48.9505789337397,44.511819792562,54.3224673287672,47.157661891343,38.4190986395582,8.03142786686294,49.0070666957719,13.0959422029447,31.7048579404339,40.4115914782185,31.9753625844592,39.0101819124865,30.2666668998978,60.2030449499331,31.7906232589838,26.4503153480501,55.380104636398,33.4695247452143,34.196172012172,34.582523440945,17.8641678575509,47.4667772544173,10.4733901192662,43.0939981865062,18.8039699098142,33.2917376974176,31.6638674894049,52.1866281115562,43.3431801551019,29.254683367641,9.01712382986972
50.4953653080726,45.2381375062086,54.7501417209912,47.6828667634199,38.9043598926193,16.12670666379,49.7127810344058,16.5542787504611,31.957399259956,41.4410669870629,32.9269306350114,42.1209962111205,33.8389434455256,60.3995969956665,33.8697333420901,28.4317330067997,55.4282602146159,36.4314284159299,34.6718109657861,40.2199662641908,17.8762863901878,47.9932489146366,10.5827829893354,51.4245891227336,21.98170872017,34.8924357851078,33.2897172996995,52.6812404743772,44.2453516773798,30.5002668452702,9.18621220072526
51.6244702298881,46.1344480022788,56.7482499345832,48.7625911054003,39.1091394429924,18.4761353428075,49.9638439250546,19.6283183955028,32.0725589936274,41.9496869637606,33.6096451978293,43.3063404821006,34.533690219757,61.2411412303408,34.6175857689211,30.1451908684686,55.4461102027747,37.9098562365969,34.6994927086166,45.9393428748897,17.9412380842193,48.0980196543415,10.6664924945453,55.7379472060437,26.4420688579146,35.5011825863187,34.8806826989555,52.9865532809146,45.5346309708498,30.9012587965108,9.43147874549516
52.6720590727838,46.2302506026382,56.9487930840347,49.0200431775731,39.377165017855,20.4294173526633,50.1056669560923,21.2647986428924,32.1260040439258,42.4999708257859,33.9034598604032,45.3758630923544,34.8262247815125,61.8795243947081,34.6175857689211,30.9301807313143,55.4590763780131,39.642314200457,34.7046391353106,48.4505353940581,17.9856844442963,48.1889858588532,10.6741298520668,59.5640008753611,27.8890327129392,36.0537033205619,35.229277005063,53.480663150446,48.1344700452242,32.157530580685,9.5383578409966
53.6307389122703,46.3499521485438,57.2637931907491,49.2402602699749,39.8354057756202,26.1576533367239,51.0132116774074,24.218585860457,32.144400123919,42.6683026794694,35.7234510800936,48.1439604944256,34.9253090196477,62.8383721325955,34.6904144476204,31.224704524427,55.4959256128837,40.2891612139957,34.9757271735641,51.4223607737349,18.0072221137575,48.2037486670942,10.6859269370684,60.3198592781908,28.8842908516585,36.3140814845154,37.5580530625996,54.043920443081,51.4344241771929,32.9175984554343,9.63451992937555
54.2952570485649,46.5264579126649,57.3912741063507,49.4905677398548,41.124775978198,27.1638956110934,51.8668755501444,27.6269870211208,32.1479017697979,42.8848655808091,38.0632774714798,50.5425762602345,35.080118378615,63.4179657319975,34.760296506623,31.3426436082037,55.52069981266,41.4382109296053,35.2328198841531,51.8713032859314,18.0156630433984,48.2759440355268,10.6886981122809,60.9518849827343,29.1509100332053,36.7054571515629,39.3285998507609,54.6046022911301,52.3020458503528,34.9005453685129,9.94171319690385
54.7529454227018,46.8076435136854,57.7622068375522,49.7410300017854,42.5298963855904,27.3618268080842,52.7073287378375,31.5132363385672,32.1487604201893,43.0694341671942,40.9078654025978,51.8177263244079,35.3757071230958,64.286217649623,34.9092325207403,31.5114600592279,55.5624801464277,41.664932605062,35.395897918785,52.2406646575715,18.102310231764,48.3391787233438,10.6968503430679,61.6481256039252,29.3528011354431,37.1440290182206,42.0470442940053,55.2425297814653,54.2827858940178,37.2838156233317,10.4697069802792
55.2124520500286,47.3242329778277,57.9970207680121,49.8710106910603,44.7264121203534,27.3852427363655,53.4957949928593,33.8764816072204,32.1529490240304,43.1481986927573,44.5187676487155,52.2427671187854,35.4199186111754,64.5741307158476,35.2243122416829,31.5608941580915,55.6156768316702,42.754523817055,35.4980314017279,52.2406646575715,18.1156357566701,48.5111700646632,10.6971470937884,61.7968368582401,29.4664626788284,38.162119502451,45.3947262069094,56.6021774153961,55.9496352821458,37.8438374923468,10.9270778852032
55.363330486699,48.1263035307166,58.2678129779796,50.4122747614802,45.6728088032784,27.398932573574,56.3493881901939,34.8358847641411,32.1561704995062,43.2500608646198,45.3736035544947,52.6866416018916,36.0799145742999,64.5938184865065,35.4231789321872,31.573382306023,55.6585833982954,43.6103589404649,35.5139948264999,52.3196816631334,18.1254989474851,49.5579985738396,10.699729697831,62.0540969078548,29.6303128531115,38.9355507061313,46.7342116798462,58.2224556063474,57.1230600468761,38.3713741800159,11.6801589526364
55.7858798174539,48.3176389777121,58.3642674254105,51.3931325822595,46.194548394854,27.4199902540182,58.769839691661,36.6735702077022,32.1610984730275,43.342311889832,49.0894322302892,52.9781767655057,36.3347024252762,64.617949125057,35.6235850039431,31.5751821459378,55.7016374019226,44.101319945909,35.5219094353699,52.359079058578,18.1260451307182,49.9373407327652,10.6999785003122,62.1428575643843,29.8855401202703,39.313642772592,47.0876883812067,58.9637131696084,57.5680196643097,39.10138169211,12.492125641119
56.1589140506193,48.3973484132494,58.4823607605292,52.4357121120129,46.6795414384248,27.4265954223834,59.632583130216,38.6092808358376,32.1644641978897,43.3506649780826,52.2645805846728,53.9962522587986,36.3657233061509,64.6908769279441,35.7511395399954,31.6146323812229,55.7534334263285,44.7371304795757,35.5228757932941,52.4334719110032,18.1266016113405,49.9825011888907,10.7000287725336,62.2663823956176,30.1261566097385,39.4553797620907,47.1559155622881,59.3467771339502,57.7147116170005,40.3271828770547,13.5986637109927
56.4321647518465,48.4522412592102,58.5214134819192,52.7831019366626,47.4353658165797,27.430135982433,59.8535759107936,40.2755338197628,32.1661650782646,43.3742204057397,53.1775114546585,54.5021671426729,36.3736045082172,64.8172462086701,35.8347173778749,31.6444327636389,55.7907338936494,45.4022161271634,35.5236613850083,52.5052524296795,18.1290037204198,50.0021665413271,10.7000861798341,62.3432576726874,30.1605064670385,39.6248469514542,47.1821262317854,59.4936352813798,58.3182102729987,42.4608633107884,13.6378289014962
56.4823112617735,48.4791373023192,58.5431592527619,52.8895877779479,48.8864837302893,27.4321380987185,59.9741937127494,43.7258722216472,32.1666385272196,43.3905658718648,55.0588315052583,54.8203363115673,36.3940810977946,64.8586458480833,36.2395398914489,31.6468349849283,55.8552523262789,46.1453756071381,35.5241116479843,52.8263849717655,18.1298370458707,50.0429963727097,10.700132864273,62.8416873644125,30.3597667592052,39.8477622399068,47.1821262317854,59.575872530728,58.5427971538008,45.0742084073375,13.6404687649471
56.5174088187963,48.4919021148877,58.5431592527619,52.9255830320743,49.4526273305471,27.4336219334977,60.0770930967907,47.6844763955605,32.1666385272196,43.397003816815,55.4882897250026,54.9181391310703,36.3970967429864,64.9588039533734,36.8224329905148,31.6547161968114,55.9597915639183,47.2302348882668,35.5262500141579,53.1469213709967,18.1299719141969,50.0559646523675,10.700132864273,64.5021328683741,30.886109947985,40.6029240593021,47.2384200660782,59.5890967385203,58.6723288024948,45.8676508073393,13.6440056515973
56.5211755088728,48.5300931918028,58.5431592527619,53.0021113046947,49.5450443625408,27.434373136365,60.1607712036158,48.7428529358369,32.1666385272196,43.4000157293056,56.5185677950915,54.9405693519063,36.3983414448397,65.1170905529335,37.4235417382959,31.659747806654,55.9784743948383,48.2595495284273,35.5266469821709,53.2943590001738,18.1300874540179,50.0561136657525,10.700132864273,66.2087332769239,31.4666197673615,41.4376319743907,47.3860802526611,59.6355584166972,58.8440584081143,46.1198472633619,13.6445167852659
56.5373028468928,48.5551363581198,58.545396307296,53.0122819614108,49.5643609206269,27.434373136365,60.2551020317527,48.9644012931268,32.1667464094478,43.4046539412337,57.0804361023286,55.02258294824,36.3984451498798,65.2992890917856,37.5317389027911,31.6665920068579,55.9966775507576,48.3887968942936,35.5493953392215,53.4466226576874,18.1301109072527,50.0725533011081,10.7002771649445,66.3694122697751,32.0437860919427,41.5109475896349,47.4912496608996,59.6834201329122,59.061645070316,46.4352709757582,13.6452429188783
56.565073085182,48.5551363581198,58.545396307296,53.1348916737522,49.5822593503623,27.434373136365,60.3247248595556,49.1653540712351,32.1667464094478,43.4069044343963,57.1634309893525,55.2246139490103,36.398842663037,65.3952091376884,37.5427636687958,31.6685053823925,56.0121323982216,48.4932463117258,35.6401110712785,53.523482779359,18.1301109072527,50.0814739859906,10.7003476500837,66.5620714798924,32.2766110918247,41.5641650463176,47.5300177644855,59.7165819832241,59.1542124458995,46.6107471548036,13.6454188104377
56.6001526049494,48.5636864688277,58.545396307296,53.1451087457831,49.6206816888528,27.434373136365,60.446311102956,49.1938751583157,32.1667464094478,43.409549454315,57.3401419178482,55.6411682626583,36.3989189185438,65.4174164602326,37.5541709058332,31.6730813929811,56.0274952194246,48.5419554544978,35.8166465063388,54.0235396484759,18.1301109072527,50.0934131112435,10.7003555386491,66.7063470916605,32.3705828249202,41.7119802753112,47.7636967572025,59.812749903238,59.3178891722831,46.7893792734727,13.6454794114466
56.6173430838486,48.567488316472,58.545396307296,53.16196712922,49.6353977869813,27.434373136365,60.4747483264443,49.1999240525785,32.1667464094478,43.4117386529216,57.5311141657237,56.0112755735784,36.3989198252413,65.4379359971707,37.5549944738743,31.675340127615,56.0370882342534,48.6282028069139,35.9717183445407,54.5252409158818,18.1301302300367,50.0941968688136,10.7003555386491,66.8567914986308,32.4146653180906,41.8930556168441,47.9182595637404,59.8810932037944,59.5951978927292,46.9184033630122,13.6455775230807
56.6240823871196,48.5771534653588,58.5632736272879,53.16196712922,49.6484300825896,27.434373136365,60.5452508981509,49.2333082473077,32.1667464094478,43.4134163288688,57.9056600767737,56.3493428059183,36.3989198252413,65.4699085672265,37.5555445899815,31.6763477079955,56.0500408729422,48.7298824899269,36.125111229735,54.8639267291028,18.1301338681271,50.0944279304797,10.7003612681404,66.8784605596666,32.440387202569,41.9248952347983,48.4491740513274,59.8810932037944,60.0570326132261,47.0183134750664,13.6456436630391
56.6277082821247,48.5771534653588,58.5809913233486,53.16196712922,49.6646992287621,27.434373136365,60.6368034610336,49.2563946553659,32.1667464094478,43.4134163288688,58.6280789826269,56.35949325247,36.3989198348128,65.5404994377207,37.5635570042203,31.6768230314381,56.0609144085561,48.765914214725,36.1627953340251,54.8852516913199,18.1301365524884,50.0955592970897,10.7003612681404,67.4291554703576,32.445735417815,42.0597185911574,48.9251592348666,59.893992799395,60.427502787066,47.153412719834,13.6456436630391
56.6304922613545,48.5910870058764,58.5858383750289,53.1653254570032,49.6700668124633,27.434373136365,60.6368034610336,49.277347031332,32.1667464094478,43.4148859637943,58.93054134455,56.3611017779523,36.3989198348128,65.5404994377207,37.5799415160297,31.677132578953,56.0739638648996,48.902646939718,36.3064946049966,54.9420275630075,18.1301488650961,50.0957847180375,10.7003612681404,67.4809141975924,32.445735417815,42.0945193889849,49.2673864740433,59.893992799395,60.6959981508896,47.451790897628,13.6456599000687
56.6322635297494,48.5910870058764,58.5874992475864,53.1653254570032,49.6713950255246,27.434373136365,60.6368034610336,49.3036546307445,32.1667464094478,43.4148859637943,59.0732800169336,56.3611017779523,36.3989198348128,65.5404994377207,37.6133429947468,31.677132578953,56.0897273349028,49.15601484768,36.4290885078254,54.9457205682914,18.1301488650961,50.0957852094765,10.7003612681404,67.5255371015977,32.445735417815,42.096674099471,49.6233250530464,59.893992799395,60.7892509942277,48.1906020316322,13.6456599000687
56.6338448170334,48.5910870058764,58.5874992475864,53.1686417221151,49.6751000923009,27.434373136365,60.7018345953724,49.3426419227945,32.1667464094478,43.4148859637943,59.1644325057082,56.3611017779523,36.3989198348128,65.5404994377207,37.6237733073786,31.6771845371614,56.1174446225378,49.2902005540025,36.5342010306713,54.9457205682914,18.1301488650961,50.0957852094765,10.7003612681404,67.5345299807642,32.445735417815,42.096674099471,49.7242476806843,59.893992799395,60.9709104828329,48.4203019568223,13.6456599000687
56.637961715892,48.5997207355729,58.588604355085,53.1869055124884,49.6771175759998,27.434373136365,60.7066247146389,49.3575230741406,32.1667464094478,43.4148859637943,59.304991467205,56.3623263133918,36.3989198348128,65.5404994377207,37.6307254127715,31.6771845371614,56.1515497629412,49.3467800777701,36.6405040725146,54.9457205682914,18.1301498271119,50.0957852094765,10.7003612681404,67.5372077660165,32.4462353178949,42.096674099471,49.8046601182515,59.893992799395,61.5075681706587,48.4280576785116,13.6456599000687
56.6399747982186,48.5997207355729,58.588604355085,53.1977669176736,49.6809323529547,27.434373136365,60.7066247146389,49.3896805588542,32.1667929464587,43.4148859637943,59.3633545528923,56.3623263133918,36.3989404170576,65.5586911893536,37.6417638262214,31.6771845371614,56.1870705142883,49.4473327329778,36.714871084508,54.9457205682914,18.1301498271119,50.0957852094765,10.7004034996363,67.561737698089,32.4462353178949,42.096674099471,49.8610504395406,59.893992799395,62.2833511595065,48.4797587804552,13.6457288093533
56.6456244409748,48.5997207355729,58.588604355085,53.2031657468083,49.6836697132474,27.434373136365,60.7066247146389,49.4618801776837,32.1667929464587,43.4148859637943,59.4530603220761,56.3623703268688,36.3989570025132,65.5770064552569,37.6580285774305,31.6775009165307,56.2416584267922,49.5343386852653,36.7889429159114,54.9457205682914,18.1301499685111,50.0957859655693,10.7004034996363,67.5712330516152,32.4463527136065,42.096674099471,49.8821477524304,59.893992799395,62.7532242027506,48.4834881424289,13.6457432876974
56.6482533454782,48.6087056337867,58.588604355085,53.2105137356517,49.6873857438397,27.434373136365,60.7066247146389,49.5798819417218,32.1668049707524,43.4148859637943,59.5147412781986,56.3633857895236,36.3990085291207,65.5770064552569,37.6590601195714,31.6775009165307,56.2988817872678,49.6842136702518,36.8362403000432,54.9457205682914,18.1301499685111,50.0957859655693,10.7004034996363,67.5712330516152,32.4463527136065,42.0976719713797,49.8821477524304,59.893992799395,62.8238383024361,48.4884865473597,13.6460510457706
56.6689038339757,48.6087056337867,58.588604355085,53.2122308909984,49.6908954931097,27.434373136365,60.7422656901347,49.7236205480719,32.1668962937534,43.4206104679183,59.996514760614,56.3675441985622,36.3991353583749,65.5770064552569,37.6770723972632,31.6775009165307,56.3453971410006,49.7463353431084,36.8599999766617,54.9457205682914,18.1301503880427,50.0957859655693,10.7004034996363,67.5889831562282,32.4463527136065,42.0976719713797,49.9077040915756,59.893992799395,62.86252512951,48.4900115618398,13.6467674651421
56.7062395531139,48.6087056337867,58.588604355085,53.2231431395346,49.6996836031319,27.434373136365,60.7573504131686,49.9698545459752,32.1668962937534,43.4206104679183,61.0171814331251,56.3825999199795,36.3991626255722,65.5770064552569,37.6958923062532,31.6776672766174,56.3953336204904,49.756323271346,36.8715927743138,54.9457205682914,18.1301503880427,50.0957859655693,10.7004034996363,67.5948899555222,32.4463527136065,42.0976719713797,49.9077040915756,59.893992799395,62.9269630964277,48.4916206141741,13.6474756616342
56.7087636455868,48.6087056337867,58.5896833186535,53.2343214295433,49.7105819913049,27.434373136365,60.7573504131686,50.1452286276279,32.1668962937534,43.4259410556708,62.2653078041142,56.4046755502958,36.3991626255722,65.5770064552569,37.7203335031579,31.6776672766174,56.4251924894307,49.7651710199613,36.875268217475,54.9457205682914,18.1301503880427,50.0957859655693,10.7004034996363,67.5989261730395,32.4466060487187,42.0996668599825,49.9077040915756,59.893992799395,62.9585451475565,48.4978224779122,13.6487667230085
56.7090977150728,48.6087056337867,58.5896833186535,53.2433453933468,50.7274844217411,27.4343987810376,60.7573504131686,50.1452286276279,32.1669182963578,43.4259410556708,62.6850789578523,56.4143444234661,36.3991626255722,65.5770064552569,39.1098049064424,31.6776672766174,56.4525861427746,49.7651710199613,36.879819519839,54.9462074685417,18.1301526296991,50.0957859655693,10.7004034996363,67.6043897114132,32.4466060487187,42.0996668599825,49.9077040915756,59.893992799395,62.9797565907528,48.5450279551063,13.6491656192315
56.7096576469249,48.614754913678,58.5898083437607,53.267359350185,53.1451932297442,27.4349543766974,60.7847311418043,50.1452286276279,32.1669182963578,43.4259410556708,62.7556845955433,56.4240110523061,36.3991626255722,65.5770064552569,42.2822045499007,31.6777375178628,56.4740128131568,49.7651710199613,36.8839273312672,54.9465156489357,18.1301529375393,50.0957860670654,10.7004034996363,67.6046622823169,32.4466060487187,42.1033288904672,49.9077040915756,59.893992799395,63.0114534940356,48.5974215668809,13.6492528236761
56.7099266435329,48.614754913678,58.5898083437607,53.2731727529358,56.307097597098,27.4356358642833,60.7939117771014,50.1452286276279,32.1669198930735,43.4259410556708,62.766721037034,56.4436719583848,36.3991626255722,65.5770064552569,43.5096403477897,31.6777375178628,56.5135540125149,49.771319579558,36.8845105513643,54.9468938389885,18.1301529375393,50.0957860670654,10.7004034996363,67.6046622823169,32.4466060487187,42.105973134497,49.9189941677151,59.893992799395,63.0461714040432,48.611667759513,13.6493443672318
56.7099266435329,48.614754913678,58.589905428164,53.2867106398416,57.1081673355113,27.4362158455644,60.8068614281521,50.1452286276279,32.1669198930735,43.4259410556708,62.781842545197,56.4567185200139,36.3992391505235,65.5770064552569,47.1876903816517,31.6777375178628,56.5417867435246,49.771319579558,36.8857387896507,54.9468938389885,18.1301529375393,50.0957860670654,10.7004034996363,67.6050931662498,32.4466060487187,42.1068134705978,49.9189941677151,59.893992799395,63.058546156141,48.622556302984,13.6494233669632
56.7101513141676,48.6314527816418,58.5912009797254,53.2911863235211,58.5535672595374,27.4377634977733,60.8068614281521,50.1941158007904,32.1669198930735,43.4259410556708,62.8125636072933,56.4613221433503,36.3992391505235,65.6239446933871,47.9239757639119,31.6777375178628,56.5694601359578,49.7737624916845,36.8866519223542,54.9468938389885,18.1301556907223,50.0957860670654,10.7004034996363,67.6050931662498,32.4466060487187,42.1068219782988,49.9189941677151,59.893992799395,63.071985085051,48.6229972019784,13.649522663394
56.7101513141676,48.6314527816418,58.5922755788693,53.3045929840005,59.716034509603,27.4387713407702,60.8129177854499,50.1941158007904,32.166934611944,43.4259410556708,62.8474445122534,56.4620533935122,36.3992794044688,65.6534607372276,48.0891159599235,31.6777375178628,56.6014028264061,49.7841008687651,36.8871880394114,54.9469779897113,18.1301556907223,50.0957860670654,10.7004377262065,67.6050931662498,32.4467110084146,42.1068468499484,49.9189941677151,59.901758806497,63.091644557131,48.6243091151936,13.6496638545992
56.7103201670752,48.6314527816418,58.5969556418625,53.3084104022738,60.3742834427565,30.1921119236019,60.8268121098603,50.1941158007904,32.1669363972479,43.4341978838879,62.8766774063105,56.4626498350189,36.3992819283527,65.6534607372276,48.3266271138388,31.6777375178628,56.6235853667481,49.7899025885351,44.4658354375902,54.9470452309633,18.1301556907223,50.0958296739706,10.7004708705961,67.6067414414612,32.4467110084146,42.106856871657,49.9189941677151,59.901758806497,63.1268518094414,48.625242115876,13.6497552071958
56.7103201670752,48.6552972305035,58.5983439137261,53.750864091584,60.9700673447497,37.1802592767696,60.8268121098603,50.1941158007904,32.1669423256115,43.4487812430848,62.8878144937941,56.4638223239069,36.3992836070088,65.6534607372276,48.4165750944692,31.6777375178628,56.6498920789026,49.7899025885351,48.0725037577958,54.9470746508822,18.1301556907223,50.0958296739706,10.7004831584146,67.6067414414612,32.4467110084146,42.1071499354431,49.9189941677151,59.901758806497,63.1500935268337,48.6257606436257,18.3382453845267
56.7107237574273,48.6552972305035,58.5999979517793,55.0758151503441,62.7367795959866,38.0718434738686,60.8525576888329,50.1941158007904,32.1669428235392,43.4641782513027,62.8922549786594,56.46499044421,36.3992836070088,65.6861025107549,48.4599114674576,31.6777375178628,56.6844024561862,49.7899025885351,49.9454343311658,54.9471297782536,18.1301556907223,50.0958296739706,10.7004855846163,67.6067414414612,32.4467110084146,42.1074793051329,49.9189941677151,59.909577868056,63.1758936024248,48.6261876344204,24.7629374571918
56.7107237574273,48.6726060811189,58.6020904539924,56.02738719306,63.1408167740304,43.3435745476339,60.8605489929969,50.2155825879133,32.1669471086563,43.4747853715429,62.8987322225251,56.4658595856225,36.3992836070088,65.715210457775,48.482478883568,31.6777450754431,56.7287657539467,49.7908750167216,51.6095075915266,54.947338166084,18.1301556907223,50.0958348290325,10.7004877536024,67.6067414414612,32.4543365626827,42.1077365086448,49.9389897751713,59.9169709652219,63.191759780832,48.6271318437395,30.3592456368327
56.7107237574273,48.6726060811189,58.6036592453991,56.4979450824665,63.2920310342079,53.8430861739013,60.8605489929969,50.2155825879133,32.1669476379782,43.4933760004537,62.9016821656906,56.4666266681879,36.3992836070088,65.7865508518792,48.5309862165223,31.6777450754431,56.7758892512149,49.7908750167216,54.3507421059347,54.9479175582637,18.1301556907223,50.0958348290325,10.7004890537631,67.6067414414612,32.4543365626827,42.1081227300465,49.9424184150943,59.9260191350114,63.2177480478615,48.6272885870409,31.9893686634516
56.711034299217,48.6726060811189,58.6045548302165,56.7128792106036,63.9818916944147,56.15998119046,60.8619539904497,50.2155825879133,32.1669486620247,43.5016672861176,62.9029963513213,56.4680905584165,36.3992836070088,65.8417978433946,48.5664914950169,31.6777450754431,56.8357501794481,49.7908750167216,57.8846570601765,54.9482408199932,18.1301556907223,50.0958348290325,10.7004894515578,67.6067414414612,32.4574833835106,42.1086501545984,49.9569649899546,59.9260191350114,63.2449616534119,48.6273074262527,34.5821513495582
46.7117273677462,40.8888703713524,35.0550046449427,37.7767323880987,45.3808916998442,27.9069453206402,54.6436245426049,48.5886862160438,10.8912071590361,21.2681506730108,63.5462554192573,43.1413428231848,38.3967986043245,45.865875953748,38.0312845647018,15.6994557453092,-32.0372944909681,44.3300740247212,34.0087579112539,36.1531423355084,24.2778666107813,55.1083669455965,7.47282642962479,47.5970450549634,25.4282480351471,25.0562365108079,42.9605031418803,41.8608619067505,60.4522821012681,38.0774131336242,10.1807653007153
59.7478741542212,42.9504974600349,39.3642705945758,55.5041791407663,62.9180118053099,52.5414295240648,57.5517360178372,50.8756066713402,15.349149172979,24.0332529701794,65.19778222078,45.2566821417593,41.5072818262635,49.1716202627551,39.977421251374,23.8048455566315,52.6562581230851,47.8351492535479,50.3290718149341,40.6386916027855,30.8971048074164,58.1547190899633,17.444651764252,51.5540382280271,27.9376848412096,42.2237562651593,50.5407868453135,48.3894347296885,64.0617538956218,45.9160552444097,38.8238435806954
64.4487648194064,44.7347528110912,41.7210555638267,57.692687140728,65.1183585559206,54.2073494036897,60.1520400018627,53.0044588544123,20.6961166956031,26.6751272056708,66.2364608065855,46.7581208179352,46.7228280378596,50.0719411233893,40.7796242777638,38.6044933443266,52.6562581230851,49.1427818778424,50.6062620613087,42.7072765272571,33.2227328328721,59.8458469295611,21.1935678622466,53.5582113412541,28.4490866526166,50.6399006321712,53.7175159477453,50.7132355674483,65.1954257858556,47.5330563901164,41.316712889654
64.5312268623179,45.8615183983607,42.795768723009,58.3249743166572,65.9513277433497,55.2114443708876,61.1546391559595,53.8066760968689,30.1320021308517,27.4310999398616,67.0548819914605,49.1814645306302,50.7032476166027,50.964437153126,41.8322008562498,45.8961610290809,52.9417397123381,49.5773453737528,50.7650506109943,43.4327161371902,35.001173042563,60.2814103389694,27.64170292681,54.4165742489508,29.0062439856852,53.0686731338599,54.3455106722809,50.7388190417046,65.3980315425865,49.2580392530206,41.785636919228
65.7880127309551,46.5048001761247,43.755850275719,58.9640603004157,66.5991604941503,56.0682017891413,61.5724637887837,54.000012695937,34.1924305768487,29.1983986605644,67.6282701557636,50.2989926542178,52.8066784240836,51.2596390255324,41.947203999209,53.7134939252334,53.2536434291019,50.2807227000133,54.1339064610625,43.985037728071,35.6795014416258,60.4644523560376,29.0829563372359,54.9964703175514,29.345571616097,55.1852981194634,54.3631954758193,51.3141386226375,66.8676549687816,50.2076795083011,43.4589169473981
67.4488017290229,46.5941627809054,45.3042874089961,60.1261694386884,66.5991604941503,58.0954956732039,61.7691060831346,54.1758257776911,35.4625989509021,31.4441599615301,68.0900054945305,51.4557773749375,54.2246669708791,52.200259579312,42.1843816737545,54.8348455866712,53.5985048361122,50.4569992508845,54.7234515377527,44.0879722694344,36.0053112529756,60.4907338353818,31.0916486362147,55.3832316782583,29.5195697544283,57.232117071387,54.6339814173571,51.9572155632875,67.136680008677,50.6354466197101,44.4661861733979
67.4488017290229,46.7534987728442,46.3962032176962,61.1129017578064,66.810285415515,61.1367646237307,63.4408298830965,54.5809221950787,36.5222588777573,31.7635360765785,68.1751922539639,51.9100146687156,55.1391149935563,53.1498278620186,42.238278807397,56.1824707085443,53.6837925635473,50.7683864087929,56.1197575729021,44.1533975074799,36.1782857491788,60.5181837068918,31.6344899775138,55.9455476887209,29.7836671664536,57.7565995110254,55.4697321964771,53.3079517082918,67.712495359384,51.1052979777741,44.7549486212082
67.6584276803405,46.9265108171361,47.7760110025124,62.101536602105,66.9160773913582,63.0935940183996,63.6616930166639,54.8847960947391,38.091161801825,32.8410090607046,68.3850660661271,52.1544434144743,55.3061287117258,53.400090503311,43.1176380630621,56.9565582310496,53.6942646650587,51.0527294835709,56.9585256911849,44.3165810555947,36.513439023284,60.5393342917545,31.6844592033879,56.2473917174823,30.2950350800449,58.7486927086261,55.7012354385208,53.6793877696005,67.9159665584422,51.2568775731269,45.2910552429458
68.0395497095083,46.9543753528703,48.0423716073946,62.5230961586554,67.168609086453,64.0437655806202,63.9301914724653,55.1180034443404,39.832764264796,32.9979019345432,68.9326616621103,52.2401426075857,56.2051957194345,53.7021568544443,43.1176380630621,57.5711772855638,53.7459100823237,51.0893187677062,57.2218379555466,44.4987391725634,36.5618385042425,60.5393342917545,31.7457697698445,56.361825292909,30.5819105804265,60.0932789545701,56.0329683574372,53.8907587994546,68.0250297997562,51.8801229620279,46.1382775541591
68.1181302924887,47.1373045474225,48.2605818857194,63.0082587976219,67.3366579364571,64.6187546881671,64.0020964201336,55.28121322346,40.3683541396351,33.0563139537359,69.1840541837662,52.2401426075857,56.475560850896,53.9444960854017,48.7823788307113,57.8491232043514,53.7545286549208,51.1459593269923,57.9846884447154,44.8095735502948,36.6721876681754,60.5534866779663,31.8292068386785,56.4855663661008,30.6871109188668,61.3993876643008,56.4384865874082,54.0166593368554,68.0714781253707,52.3074560051734,47.0511803555552
68.2196627695062,47.2546638454621,48.5098165787542,63.2037986287776,67.4685318766812,65.0749938005596,64.3647030887071,55.3549066099101,40.7647891984488,33.123808629036,69.4095103646272,52.4731611461451,56.5646318510623,54.3325194136366,52.71829497126,58.0225786248696,53.7630554687112,51.1604141388476,58.8670745937892,44.9336974361562,36.776955757186,60.5639681252847,31.9691419492187,56.5409237698211,31.0026232924546,62.0247623006031,56.4543122302048,54.0441295405496,68.1256589749115,52.4283629429255,47.1057055353933
68.2420185160494,47.3296904497992,49.2074703270192,63.4977622563349,67.5808510672523,65.3216896076181,64.4795605969738,55.7832793998202,41.3078110044293,33.1938874133861,69.5321355141413,53.3860545108623,56.6661874505704,54.4641448678103,54.2321013059169,58.201726522728,53.7790590384829,51.2281516952452,59.3915668259229,44.9336974361562,36.9780277303001,60.5684792053251,32.1253437016104,56.636368431456,31.2696600132487,62.2905992893525,56.4588121985211,54.0967325423632,68.1256589749115,52.4594994382274,47.2575894447828
68.2461940724658,47.3877123574092,49.4401801149058,63.5466148054219,67.649508100356,65.7747465786178,64.5390971027222,55.8302785974792,41.62892484363,33.3225870674977,69.6077402829052,53.6555987985713,56.8229001162727,54.6231146333298,55.7963498210605,58.3760674881645,53.7864232186176,51.3537809983361,61.9445455456901,45.0061032729787,37.2047828688593,60.5792545398782,32.2733987045077,56.913591581646,31.4478515648271,62.3198336596572,56.465044137608,54.3600944665949,68.1294995402985,52.4598587440673,47.5593614916919
68.2461983177763,47.4148116981125,49.5942450142778,63.5579388663546,67.7054822252034,65.9642299758389,64.595944301802,55.8405448805951,42.0310462787887,33.47601332004,69.6564320904335,53.8943976786797,56.8847974895472,54.6453603050133,57.235801191171,58.6082368250825,53.7914856607128,51.3879906288655,62.2708009763629,45.00623268673,37.3956780789225,60.6068699167026,32.2883944769537,57.253455204262,31.6240741686499,62.5810958236367,56.4974075870904,54.3829607834293,68.1332197158872,52.4800596260752,47.6575837675675
68.2592163788572,47.4151161459711,49.7894240124372,63.6940176466621,67.7101630917199,66.0072789367181,64.7200460207704,55.8526092423844,42.2061997350843,33.6837398372683,69.6748016446581,53.9831071554718,57.0358445861279,54.6650793819429,59.487550174896,59.0166045701332,53.7924371359128,51.4106253812945,62.4222506487887,45.0198508649491,37.478597084137,60.6219942704015,32.2883944769537,57.3301714554329,31.6785468877546,62.7388806424261,56.5991674908168,54.3829607834293,68.1394528883004,52.5493418609736,47.7000753996977
68.2610685094238,47.4151161459711,49.9120013506245,63.7968930116829,67.720750708147,66.1062188425316,65.0741661379052,55.8646450682854,42.2617677840552,34.0554790417761,69.6748016446581,54.043930121402,57.1398781141128,54.6711777752233,59.5826149919132,59.6707849069359,53.7926946440943,51.4112633347834,62.5115313822112,45.0510624478757,37.723136060368,60.6609049133549,32.291109042591,57.5127168782314,31.9142050707308,62.9597124013432,56.6110585343197,54.3829607834293,68.1394528883004,52.583973411115,47.7874295936273
68.3078828060085,47.4151161459711,50.0083166685958,63.833314425605,67.725953590612,66.3883186813274,65.265432621556,55.8647983355963,42.286920433546,34.4624598747608,69.6748016446581,54.1020537018688,57.1792960970968,54.6840783103085,60.0382381077239,60.1583813134564,53.7929279716927,51.4112633347834,62.5602482535256,45.1024844413069,38.1507579633016,60.7153374924011,32.291109042591,57.5443805795636,32.0964345768147,63.1142579551042,56.6110585343197,54.4697809723964,68.1435584544584,52.5901591256997,47.8850283660091
68.3628004409752,47.4151161459711,50.9712901695724,63.9561433422481,67.7363550195492,67.1897060593055,65.265432621556,55.8647983355963,42.3688827448697,34.8228042595642,69.6748016446581,54.1074806105441,57.1970187772902,54.6917945867843,60.1245061960021,60.5973156936683,53.7929820127751,51.4112633347834,62.6942709115726,45.1804937293544,38.5003988191239,60.7884232740426,32.291109042591,57.5443805795636,32.2712443924928,63.2309557236398,56.6110585343197,54.4697809723964,68.1440649615951,52.5970588017166,47.9815358979955
68.3718109168687,47.4151161459711,52.2800431083755,63.960988233615,67.7451320453036,67.4174314713546,65.265432621556,55.8647983355963,42.4690150771336,35.0990376025463,69.6865310813696,54.111889946564,57.3670696078904,54.6925832935032,60.6691180936539,60.8971430268874,53.7931076835631,51.4112633347834,62.8461977748175,45.3234802988017,38.8753169532387,60.8674051067477,32.291109042591,57.5443805795636,32.4099999502973,63.3043840846116,56.6110585343197,54.4697809723964,68.1501240684363,52.6015645243234,48.0843199093556
68.3718872919702,47.4151161459711,53.3085507307392,63.9684034412968,67.7545863396514,67.6973915048722,65.265432621556,55.8647983355963,42.4690150771336,35.3712216198719,69.6865310813696,54.111889946564,57.543596027816,54.6925832935032,60.8588786074111,61.2204121218131,53.7931554552368,51.4167106346395,62.9694837029773,45.4168421264339,38.9103579914545,60.9603328431439,32.291109042591,57.5443805795636,32.4291479330444,63.803152389952,56.6158575271306,54.4697809723964,68.16090827794,52.6052739723132,48.249883181439
68.3750628658424,47.4151161459711,54.1946761116624,63.9684034412968,67.7557582243253,68.0109499664264,65.265432621556,55.8647983355963,42.4690150771336,35.380227859966,69.687850094283,54.1248597456306,57.6279768892853,54.6925832935032,61.1706838806032,61.4546743966298,53.7931846029069,51.4313734139136,63.0062081245837,45.8387299107131,38.9494402652651,61.1906805705167,32.291109042591,57.5513283311863,32.429906096166,63.8298064542691,56.6158575271306,54.5654545099719,68.1617307958706,52.6071647583974,48.5823171208053
68.3757234749884,47.4151161459711,54.5102280926642,63.9684034412968,67.7603567812137,68.0421978845054,65.265432621556,55.8647983355963,42.4690150771336,35.380227859966,69.687850094283,54.1269086553497,57.6456467856435,54.7109780681317,61.6943249689856,61.5046498467329,53.7932037480317,51.4413128572427,63.0062081245837,46.4560388040239,38.9494402652651,61.1906805705167,32.2981000857061,57.5542413718912,32.431386504229,64.0555687797303,56.6158575271306,54.5654545099719,68.16470295356,52.6093162666815,49.0389247208688
68.3760578751555,47.4151161459711,54.5921094145503,63.9698610532166,67.7946237160924,68.0905489791553,65.265432621556,55.8647983355963,42.4978076723968,35.4113020103288,69.6884462407622,54.1288710953559,57.6491508995405,54.7361416487048,62.6092813391964,61.5995218762538,53.7932693903587,51.4531033381002,63.0425576071692,46.9378532929406,38.9828030160377,61.3134541204599,32.2981000857061,57.5542413718912,32.432292739582,64.0786871338536,56.6158575271306,54.5654545099719,68.1649135702038,52.6100634834524,49.0969313284869
68.376675325706,47.4151161459711,54.702104267218,63.9698610532166,67.8295485495341,68.1983723819723,65.265432621556,55.8647983355963,42.4978076723968,35.4113020103288,69.6884462407622,54.1331271462102,57.661686369931,54.7463400474999,63.053334037529,61.7799911497664,53.7932884947739,51.4531033381002,63.0580522737097,48.2038978188991,39.0232878102743,61.4826493992384,32.3006093978237,57.5542413718912,32.4366696011923,64.1207604259939,56.6158575271306,54.5654545099719,68.1651480290842,52.6107888428226,49.1754504243823
68.3767084765782,47.4154310442699,54.7605702005882,63.9698610532166,67.8665711783858,68.2508193565103,65.265432621556,55.8647983355963,42.4978076723968,35.4186970135107,69.6884462407622,54.14572100303,57.6694106928474,54.7640556160572,63.0982280197242,61.8443580751516,53.7932927890714,51.4680240319224,63.1830841701363,49.2455180143126,39.0232878102743,61.5646979347883,32.3006093978237,57.5676778547608,32.4383522993956,64.1605073599162,56.6235065331653,54.5654545099719,68.1659624973242,52.6113686946559,49.1820419022251
68.376979455089,47.4154310442699,54.8066562174374,63.9698610532166,67.9382966807427,68.2524058060413,65.2701632828902,55.8682965766336,42.4978076723968,35.4342510408838,69.6884462407622,54.1549146847928,57.6694106928474,54.7640556160572,63.1341691755867,61.9162539008357,53.7932929369536,51.4680240319224,63.1963832845535,49.549102537428,39.0232878102743,61.6726596956911,32.3006093978237,57.5912474398176,32.4431520566375,64.2672073010892,56.6235065331653,54.5654545099719,68.1666507183633,52.6124535899397,49.2007778485412
68.376979455089,47.4154310442699,55.0606186277481,63.970788279407,68.0261436928624,68.3000915248332,65.2705901629809,55.8682965766336,42.4978076723968,35.4342510408838,69.6884462407622,54.1694730145489,57.6694106928474,54.7640556160572,63.1900437029723,61.9162539008357,53.7932929369536,51.4680240319224,63.2262606211384,49.8519088366947,39.0232878102743,61.6726596956911,32.301047862302,57.5912474398176,32.444642389616,64.2972999317826,56.6235065331653,54.5654545099719,68.1666507183633,52.6132616809263,49.2007778485412
68.3771365360742,47.4154310442699,55.3072358333051,63.9725252894229,68.1725503726684,68.3087456271323,65.2705901629809,55.8682965766336,42.4978076723968,35.4342510408838,69.6884462407622,54.1774291683299,57.6748096242747,54.7640556160572,63.2303420945321,61.9162539008357,53.7932941010093,51.4990830301049,63.2401462203729,49.8519088366947,39.0276512029298,61.9007196593951,32.301047862302,57.5912474398176,32.4462554731773,64.2984753516568,56.6489768723028,54.5654545099719,68.1671411645243,52.6145384095305,49.2066970844715
68.3772711040542,47.4154310442699,55.6574290656192,63.9751700798627,68.3217187928404,68.3198694718567,65.2840873947983,55.8682965766336,42.5232577927966,35.4342510408838,69.6949476855783,54.184451655052,57.6803068113855,54.7826132716384,63.2727379865776,61.9162539008357,53.7932966342249,51.5386741332891,63.256093985897,49.9472028587959,39.034571154324,62.0031463292102,32.301047862302,57.5912474398176,32.4486273873354,64.3092400941881,56.6747904293012,54.5707991880055,68.1673511684783,52.6158928853975,49.2400324142893
68.3772711040542,47.4154310442699,56.1546604823033,63.9775006561239,68.4318661813477,68.3268858689735,65.2840873947983,55.8682965766336,42.5543207221912,35.4356080396831,69.697332675945,54.1886651874573,57.6803068113855,54.7826132716384,63.3032828489004,61.9162539008357,53.7932966843177,51.5501814221468,63.2630026606384,49.967196822809,39.0369495087526,62.0031463292102,32.3153651820144,57.5912474398176,32.4486273873354,64.3111709382768,56.6747904293012,54.596337779855,68.167994598407,56.3985261654202,49.2677762693085
68.3774602610175,47.4154310442699,56.2526033197164,63.9823307357387,68.5973559188796,68.3503782658348,65.2840873947983,55.8687754587407,42.6529448606935,35.4477963560808,69.697332675945,54.1983018427625,57.6803068113855,54.7826132716384,63.4313433882287,61.9224775961187,53.7932977760294,51.6496041697159,63.268179665975,49.9963844874516,39.0369495087526,62.0031463292102,32.3243998732668,57.5912474398176,32.4512239307422,64.3127536674204,56.6747904293012,54.6277383670314,68.168148085554,58.4666881251067,49.3089416909941
68.3774602610175,47.4154310442699,56.2570869649869,63.9867011230225,68.6685489227744,68.3749256966265,65.2840873947983,55.8736922725313,42.7454503092333,35.4477963560808,69.697332675945,54.2040108201708,57.6803068113855,54.7826132716384,63.4685467680365,61.9580698942894,53.7932983398065,51.6768013580512,63.2707285300662,50.0833284828155,39.0391928486296,62.0031463292102,32.3358152653098,57.5912474398176,32.4553500069817,64.314372662724,56.6747904293012,54.6471871042059,68.168148085554,59.4214356219353,49.3320394471513
68.3774602610175,47.4211067062866,56.2832968462808,63.9903874607022,68.7182443206973,68.3888702640182,65.2840873947983,55.8772378381844,42.8433861160634,35.4477963560808,69.697332675945,54.2214837500246,57.6879439072319,54.7826132716384,63.5158635406662,61.9580698942894,53.7932987782592,51.6786232070661,63.2711862626895,50.1101482541598,39.0391928486296,62.0031463292102,32.3358152653098,57.612678020063,40.2493492541924,64.3146203136102,56.6985382911142,54.650524594893,68.1686137576346,61.6344436028658,49.3518169934045
68.3776352045213,47.4293220771542,56.2961936772612,63.9927830707995,68.7229115089443,68.4022665457496,65.2840873947983,55.8772378381844,43.0336194357948,35.4477963560808,69.697332675945,54.2409012415796,57.6902857200804,54.8061200597163,63.617604679221,61.9892127298424,53.7932990496897,51.6834156109899,63.2713698095529,50.1446991647101,39.0391928486296,62.0031463292102,32.3358152653098,57.6550823473893,51.0470419693792,64.3146203136102,56.6985382911142,54.6541528177753,68.1686137576346,61.9226954592326,49.36155321637
68.3776352045213,47.4293220771542,56.3358277032922,63.9932229603102,68.7297666687251,68.4121015479221,65.2840873947983,55.8772378381844,43.2498977145523,35.4477963560808,69.6983062264648,54.2924954574144,57.692809913157,54.8686739368315,63.8134406441945,61.9892127298424,53.7932990569729,51.6849738011256,63.275036675696,50.2033994130189,39.0391928486296,62.0801224354934,32.3358152653098,57.7000408297329,57.3275584158137,64.3149229389826,56.6985382911142,54.6582926491255,68.1686137576346,62.8630025420648,49.3687387939226
68.3776352045213,47.4296005713275,56.3613736117664,63.9936126513388,68.7346996745605,68.4157587256633,65.2840873947983,55.8772378381844,43.2498977145523,35.4480351726492,69.6983062264648,54.3514030037009,57.6990475347707,54.9010282713684,64.2410284970366,61.9892127298424,53.7932990569729,51.689891313136,63.2785135576987,50.2409775885087,39.0391928486296,62.1875852992321,32.3398555185565,57.7322718945731,61.1609115786805,64.3189013358757,56.6985382911142,54.6590684916538,68.1688695422872,63.166638772513,49.3721484249292
68.3776352045213,47.4296005713275,56.3644570469183,63.9938805169509,68.736853634823,68.4287275352823,65.2902244862559,55.8772378381844,43.2498977145523,35.4480351726492,69.7061065649448,54.3729456251253,57.6990475347707,54.9839321175659,64.339305857723,62.0279920328449,53.7932991290064,51.6922129139646,63.2802719258776,50.2734460125492,39.0400298310994,62.3749151521145,32.3496491210655,57.7621013518084,62.5201212619242,64.3238480350796,56.6985382911142,54.6596242392149,68.1688796355811,63.5479016437306,49.3733166582609
68.3776352045213,47.4296005713275,56.366482343506,63.9940297836356,68.736853634823,68.4393532122786,65.292877292279,55.8946607534495,43.2498977145523,35.4480351726492,69.7061065649448,54.4898427718979,57.6990475347707,55.0892878129779,64.3965351496121,62.0819739892295,53.7932993201062,51.694182848474,63.2804134276205,50.2833816725668,39.0400298310994,62.3749151521145,32.3496491210655,57.7869069606406,63.1053823924851,64.3296557399441,56.7109365149709,54.6607472064417,68.1688983819761,64.2210287417864,49.3743825261596
68.3776352045213,47.4296005713275,56.3702792015356,63.9943816601036,68.7374849287401,68.4534486104621,65.292877292279,55.8946607534495,43.4717636603245,35.450687010309,69.7061065649448,54.6016842195284,57.6990475347707,55.1091814562761,64.4865013493113,62.1300643873183,53.7932994099606,51.694182848474,63.2804134276205,50.2880471595387,39.0494670706511,62.4627827545915,32.3496491210655,57.7972200842253,64.2964546624914,64.3323652152542,56.7109365149709,54.6621538623479,68.1691295338249,64.3032023615638,49.37518899891
68.3776352045213,47.4296005713275,56.3819033783697,63.9946001405182,68.7374849287401,68.5050597082519,65.3008735007335,55.8946607534495,43.7508932468812,35.4525772762917,69.7061065649448,54.6562165797484,57.7018411075207,55.1251488460987,64.5216496830113,62.1300643873183,53.7932994625815,51.6941930530045,63.2807538211567,50.3030410036439,39.0494670706511,62.739333663232,32.3552512417083,57.8143557849536,64.5994731690402,64.3343112122477,56.7207027639971,54.6637075136396,68.1691916157785,64.5853936541047,49.3760854388135
68.3776352045213,47.4296005713275,56.3926777383233,63.994856771417,68.7408858306886,68.5298995921814,65.3008735007335,55.8946607534495,43.8490723485411,35.4527384602174,69.7061065649448,54.7600044091586,57.7018411075207,55.1288077337684,64.5636045185562,62.1467043427299,53.793299464928,51.6942609558022,63.2810188090062,50.306083728693,39.0494670706511,62.739333663232,32.3566261314569,57.8353503944549,64.7237409071199,64.3354845346425,56.7207027639971,54.6641240504926,68.1692225074354,64.77436751302,49.3774915861557
68.3777820954062,47.4333454987,56.4004748778269,63.9949558402365,68.7429097226651,68.5644505736345,65.3008735007335,55.8983164532298,43.99116940095,35.4528170767482,69.7113647303478,54.8188564996059,57.7049132779127,55.1288077337684,64.6554248204678,62.1798177381491,53.7932994666295,51.6945103981191,63.2812241591096,50.3095061151825,39.0640874922144,62.8175419157818,32.3566261314569,57.8454027644811,64.7610898192583,64.3369393218119,56.7207027639971,54.6854126144724,68.1692431880404,65.9204144020314,49.37860791022
68.3777820954062,47.4333454987,56.410137909447,63.9953285745694,68.7445375480228,68.6095405077527,65.3041819157659,55.8983164532298,44.2499446851546,35.4529072964139,69.7113647303478,54.8590151792952,57.7049132779127,55.1289252218924,64.7639892736124,62.1798177381491,53.7932994692328,51.6946423137691,63.2813118137983,50.3095061151825,39.0708553768012,62.9530509815071,32.3604597018465,57.8513433283143,64.8155914972852,64.3397869407044,56.7207027639971,54.6923196129359,68.1692566302613,66.0793754045567,49.383032464397
68.3778411237418,47.4333454987,56.4117442514803,63.995967843397,68.7453356115222,68.6432526054602,65.3050178033876,55.8983164532298,44.5606587515011,35.4529072964139,69.7113647303478,54.8624382719478,57.7049132779127,55.1289252218924,64.9035524442722,62.1798177381491,53.7932995021249,51.6953638696242,63.2813118137983,50.3104729180371,39.0708553768012,63.1162239724765,32.3704278626737,57.8546277811955,64.9207148628084,64.3412647202428,56.7207027639971,54.6928139762413,68.1692566302613,66.0961657391492,49.3864728234053
68.3778759652035,47.4333454987,56.4186929714277,63.9966769029875,68.7553390948041,68.680294934313,65.3052443122802,55.8983164532298,44.8024136647643,35.4531430465931,69.7113647303478,54.8624382719478,57.7049132779127,55.128961278416,65.084108363169,62.1798177381491,53.7932995299663,51.6956499952197,63.2813257682305,50.3111534313778,39.0708553768012,63.1497474759305,32.3704278626737,57.8553492624733,65.073457050676,64.3420194423982,56.7344862494724,54.7059018818557,68.1693027538777,66.1549198195547,49.3875604708737
68.3781192262419,47.4333454987,56.4216190320461,63.9976103214541,68.7640345075631,68.7201982039969,65.3074073463717,55.8983164532298,44.9830251441254,35.4531687770575,69.7123486320761,54.8624382719478,57.7049132779127,55.1293658706202,65.1679363796848,62.1798177381491,53.7932995477688,51.6961841760666,63.2813257682305,50.3113005103559,39.0807330940253,63.1497474759305,32.3704278626737,57.8554247970653,65.1124922186627,64.3422425208194,56.7397530940043,54.7276166125566,68.1693056973124,66.1563463664677,50.3482003231601
68.3782834806573,47.4401498068337,56.4216190320461,63.9999635217942,68.7688971005599,68.7547117353663,65.3092889553344,55.8983164532298,45.1174520264649,35.4535675517428,69.7129899050576,54.8624382719478,57.7083822937553,55.1296022851336,65.1698962982486,62.1798177381491,53.7932995824795,51.6962641858577,63.2813623095293,50.3121526056184,39.0807330940253,63.193967780005,32.3704278626737,57.8560005007823,65.1296090033826,64.3447812607819,56.7397530940043,54.733981687433,68.1693118912454,66.1608793278687,52.7588465974447
68.3787030276467,47.4401498068337,56.4232723801526,64.0000641063298,68.7755049100071,68.7594624554012,65.3118328785557,55.8983164532298,45.2387896278494,35.4536543961279,69.7225121097474,54.8630589630738,57.7151818733634,55.1296800802972,65.1846067113522,62.1798177381491,53.793299616964,51.6973951122211,63.2814370643115,50.3123775425197,39.0807330940253,63.2431561215785,32.3704278626737,57.8560534532758,65.1569214999577,64.3475802920607,56.7668599681578,54.7415137052693,68.1693280540256,66.1656027135906,56.3253102344873
68.3790554367675,47.4493881862969,56.4237225305225,64.0008249732386,68.784234826327,68.7637304720341,65.312945591418,55.8983164532298,45.2951303984835,35.4544409200455,69.7327663721134,54.8641576143018,57.7151818733634,55.1296955417994,65.1882633346542,62.1964479157136,53.7932997028909,51.6993360843862,63.2817023259544,50.3126562136449,39.0823825514905,63.2562282141165,32.3967071526506,57.8568277697085,65.1805861916042,64.350951340347,56.797272446869,54.7434047471474,68.1693431988802,66.1663726493916,57.7779293902378
68.3791692729654,47.4493881862969,56.4239297752002,64.0008249732386,68.7892903461143,68.7718898608259,65.3157767671139,55.8983164532298,45.3528721339232,35.4551133581239,69.7407103482691,54.8660351111478,57.7191985892831,55.1297239064237,65.2291765020657,62.2072983093477,53.7932998794737,51.6993777663339,63.2817554401148,50.3127773162564,39.0847851824669,63.2604828563169,32.3967071526506,58.4977382543315,65.2094631524326,64.355037444663,56.8225054759148,54.7472802835787,68.1693670283285,66.1679915439047,57.8669317922496
68.3792558809985,47.4493881862969,56.4239473311412,64.0011959243566,68.7908553244148,68.7868411112276,65.3190494730618,55.8983164532298,45.3863762965247,35.4553427477925,69.7474600753912,54.8660351111478,57.72068885525,55.1297312417363,65.2684566945537,62.2105243296212,53.7933000416935,51.6995414118759,63.2822710016834,50.3128768894213,39.0847851824669,63.292128201872,32.425659491494,58.7228077513299,65.24647106353,64.3565600950035,56.8728253099599,54.7488175234308,68.1693850373183,66.1681634285472,57.9128959462599
49.7359014700675,35.9473152200279,50.2507233745335,32.4907770485732,45.10227070459,33.896999869881,63.3420274235589,55.8009633892273,30.3890661756882,27.5513148649807,49.3317335827259,39.6333140755629,55.7650205254517,48.0203185836124,35.3316468239872,52.3420698546728,49.9575277434942,55.0457364673296,29.8580927296137,48.6454877583486,32.1210735479514,55.9813783304867,34.3464058711158,49.4795359925645,27.0579535656407,18.7012617671192,35.392886019537,29.9296446202971,56.8630233242751,47.5881573384459,52.7463731756825
59.2630646006326,38.0800184106128,54.1601357405651,59.9651547624602,58.392369185641,58.9352333679609,64.0222237925512,59.1776837836417,31.3879549758293,29.9572646295953,52.8285136274079,40.8914058675716,58.1861427617319,49.8729132851043,62.8610318053113,52.8435553431642,52.7581253642906,56.9155905909821,54.8854597562915,50.8944101174881,34.7404377678961,58.0398613225101,36.1072336700909,50.8326950026952,64.4741428659743,59.940811802712,38.7663595740629,43.3219416631814,59.6078851529396,56.4100883926694,55.8714528800453
63.6759743567031,39.5637115168307,56.7611879014253,61.0965397145119,60.1962339141583,60.4657854930644,65.3306923242004,59.7636650715045,32.386616586696,31.3708534545406,55.2499410889928,40.9804820464394,59.1710071489916,51.5172439534072,64.6049721324692,56.4865683725689,57.7629499686538,59.5487726232868,57.7651496395775,51.3907051131717,37.3087041994064,58.5930505285361,36.3454593039547,51.9952997500703,65.1665361957438,61.4021714847672,39.4047511403261,50.084841615978,60.5045696932537,59.506575502466,57.7464583077495
65.2050731678709,41.5998126111209,58.2650256017321,64.6152778371781,64.6260030120784,61.8216008498594,66.7625031304897,60.4428438003218,32.5739864074516,33.3425719229242,56.1739503603115,46.9374517371376,59.3900345460611,51.780320481943,65.3182137988737,57.3284472783664,58.325143173364,59.8993636516735,58.7522110235922,52.6608329694463,38.5548280358163,59.1071815983334,37.8885565481784,52.5540391932987,66.2494100221221,62.6021865420807,39.8532803593047,53.787769008795,61.6969480887551,59.506575502466,58.3567692342459
66.1487077546905,41.6141638547035,58.3936294078012,65.6174254476543,65.1426454005687,62.3965980572111,67.2367629048365,60.5482953406921,33.4123233180207,37.9794946796664,56.5780872949925,47.8072254939665,60.174068094237,51.8795720673059,65.5746329171685,58.4541725045295,58.5099760823767,60.15893292967,58.8968050344025,53.7023725431373,40.8163597021854,59.3754894671437,38.6964209757844,52.9061371937136,66.8573800225919,63.2478151847037,40.4406870044584,54.641155372214,61.8320835172632,60.2652180501222,60.2978881554434
66.9570333484628,42.6735853401943,58.5013632952408,66.0889209730285,65.2781951372931,63.3090242993592,67.519784297502,61.0772765367413,34.4606810103843,38.388131439125,56.7823673090645,49.1914327921659,60.6531141824302,52.1421197772207,65.8009004561866,59.7253104077726,58.576558985684,60.24431109139,59.2104763599728,54.4052539389802,41.0320448023987,59.9612984354286,39.365328591098,53.9023461860355,67.6960289356049,63.4313318560741,40.7553937033575,54.9912518487959,62.4208964841839,62.1779739399244,61.3064676763631
67.545321609014,43.0438949371687,58.9231701991136,66.2760683139475,65.3751696593463,63.5350374247047,67.6345347701919,61.3065440701628,34.7418469876198,38.5927274904118,57.0133960148595,49.6426524267659,60.8899372035092,52.5008280333083,66.1349964213482,60.06112490524,58.9305589286971,60.3254487794773,59.3447197364951,54.9439833767503,41.4867141475892,59.9612984354286,39.4503318461472,53.9023461860355,67.7071334355577,63.6380971905072,41.2326074926524,55.3089979703882,62.7307097593114,63.2860942563571,62.2980531927861
68.7269695884176,44.3550494572988,59.4900393868635,66.2760683139475,65.8545238940976,64.0246528961803,67.7688402518328,61.3813146327154,34.9643952904873,39.0433093288164,57.0929540773885,52.4147762121118,60.9949431715393,52.5816447804478,66.7230929436771,60.2529002070474,58.9746633200047,60.4498291654794,59.3623795121494,54.9751308118319,41.7312138455406,60.2105629558111,39.7306235073677,53.962671886851,67.8858304636086,64.5221000053392,41.6412157343899,55.7689065239283,63.1761142744026,64.6903492066079,62.4914901167027
69.0561807159777,44.9444402826319,60.3309611136943,66.3558475321797,66.0199562535846,64.4338695981865,67.825570820949,61.436961109783,43.1557696500641,39.1959985272826,57.2876289606264,53.6420565860254,61.0935785273449,52.6341582687135,67.0775792997495,60.5839654188265,59.0122179520769,60.5485477182136,59.366647313554,55.1949853206788,41.8222082570166,60.4480827473881,39.7858741392419,54.0497578326243,68.5875579942525,65.7280134120969,41.7320102909031,55.7957677518297,63.5453505345056,64.7782830401912,63.6040123199103
69.1479736540127,45.0212547538786,61.3789365497576,66.7261844515892,66.2182919265905,64.5156353624907,68.0100780588377,61.4817103746857,44.8764503888344,39.2684634884709,57.7599751529999,54.5195317746385,61.3977089548299,52.6909429841779,67.3796959870421,61.5913612519932,59.0171065117261,60.6180476148567,59.3674373552767,55.2598195770942,41.9341175253999,60.4663547893412,39.9060641377989,54.1238033562374,68.6162280901657,66.1865597473254,41.8650588096594,56.4257027735732,64.0104452607498,64.9453934065324,66.7334033537868
69.340496075344,45.513738318714,61.5224306845901,66.7633564143191,66.4186653570429,64.5560728756246,68.1132558618631,61.5462659871466,47.1442567432897,39.3752975200286,58.0743667839152,58.1250419113501,61.5336671133881,53.2491815097461,67.5766739311024,62.4178531052438,59.0195207637009,60.751058795748,59.3687633161266,55.265037203264,41.9587879313142,60.4663547893412,40.0873009248118,54.2369747338897,68.6463709224981,66.9264166910559,42.0110278436141,57.9981942860883,65.1887593621204,65.1667789566818,67.810793417146
69.3752519568928,45.6326578449865,61.5571555544644,66.8326189414968,66.4521819784248,64.6920116149471,68.1942675258511,61.5549563931266,51.7109825980757,39.5696502622314,58.5014190681455,58.8424516296735,61.7337048457822,53.6179739477868,67.5850689201788,62.6821577118127,59.02377417745,60.8800451301958,59.3724164446419,55.4864721924567,41.964425490932,60.7065780740907,40.2602337366068,54.2659149417674,68.795417091558,67.6603375763199,42.2594881660862,58.2829647143669,65.1887593621204,65.2476171337858,67.8813703751786
69.4465413564045,45.6992780673844,61.6407772363936,66.8457359049371,67.0594580407693,64.7201744180319,68.3116024496839,61.5608519053206,53.1684978393435,39.9946315330389,58.6379323076929,59.8051292333295,61.8867793678583,54.165244352685,67.5889848770397,62.8510670240187,59.0244256687847,61.2063048189661,59.3791317188435,55.7061163813609,41.9653880121935,60.8821803942691,40.3221531720011,54.3079572005223,68.8255742606895,67.7123810614315,42.3819394446609,58.3214070128577,65.2677552045649,65.6497154851709,67.8813703751786
69.510159876602,45.9690937443154,61.6717039364451,66.8573854675443,67.2943973692878,64.7736732108237,68.4321150258203,61.5608519053206,58.4923726211898,40.640117247389,58.7700647857326,60.4288311874801,62.0239022691356,54.4605046097792,67.59987050368,63.0523308482673,59.0254331743107,61.3304607263162,59.3803098812904,55.8079090741159,42.2195725820249,60.897783890096,40.3817883673332,54.353963713675,68.864973208089,67.7638996015136,42.3892515821827,58.3343805208719,65.9538138259857,66.7838251026833,67.9339396093387
69.5247310356608,46.2169413069117,61.710408397327,66.9055118812212,67.3280349704141,64.8222496894666,68.6494255269105,61.5608519053206,59.5013493351533,40.9816441858292,58.9998976503683,61.3387170227138,62.0753473451067,54.5330406689478,67.6013091416017,63.4807534586319,59.027572352407,61.3607381978181,59.3809554269771,55.9530387368124,42.5566386653077,60.9331944356831,40.7268329858505,54.4175210813736,68.8907890250123,67.8449562983493,42.4434689492588,58.3749777881815,65.9780776615476,68.0003812466418,67.9397487191769
69.5693333652304,46.2398081495653,61.7161870913111,66.9128645105444,67.3506267897763,65.1416709087933,68.8490386916986,61.5608519053206,61.3128000740195,41.0032421885638,59.0517711883527,61.8733311018727,62.0808684990856,54.5645629589495,67.6013091416017,63.5848100747381,59.030756926597,61.3979199935836,59.3810153993437,56.0955884033044,43.2943675661459,60.9955561253478,40.9150750834958,54.52631008516,68.9120273945799,67.8807372493591,42.4492115344797,58.4322640310907,66.3423969228628,68.3671042941416,67.947184888969
69.5919825683138,46.3531909815772,61.7349994054993,66.9282480205348,67.3731252461444,65.2528788624098,68.8525297478437,61.5608519053206,62.4589448649947,41.5926757194353,59.0665387034547,62.0180638445909,62.0808684990856,54.5706854326008,67.602291639636,63.6122695488112,59.0320535800424,61.4099459069435,59.381284291398,56.2823269640621,43.657977144033,61.0064865722036,41.2375012758007,54.61404386688,68.9299735609063,67.9236715646467,42.4668993870858,58.5014593801625,66.3850257689287,68.5886349482674,67.9489359587553
69.6283608673401,46.3900345583035,61.7684156216577,66.9396277391554,67.3975541683774,65.3160874945799,68.8549066633942,61.5608519053206,63.5492214745398,43.348200860959,59.0774256018322,62.1359330815022,62.0808684990856,54.5708376026529,67.6037414176945,63.6696351576688,59.0328782962378,61.4199366516436,59.381284291398,56.4161081241946,43.7848305847285,61.033695222545,41.3120384355342,54.61404386688,68.9389710826193,67.9781806336866,42.4668993870858,58.5551640056953,66.4033654601261,68.8313353237673,67.9824153516868
69.706926625239,46.3969670322412,61.8005810800239,66.9396277391554,67.4173363081512,65.3347438773339,68.8671716354743,61.5608519053206,64.4983068057824,43.6762578772205,59.0774256018322,62.2038859663418,62.0808684990856,54.5775209839515,67.6037414176945,63.8250228251762,60.5600105972827,61.4299344119125,59.3813128467286,56.5541585464123,43.8944419424028,61.0385599761908,41.3374915316386,54.61404386688,68.9436696353945,68.0290703352373,42.4668993870858,59.0613706407249,66.4803503746296,68.8743886378347,68.0935641678785
69.7207212556713,46.397248614588,61.8534728114924,66.9412601119009,67.4262494120866,65.3462535568526,68.8759418409651,61.5608519053206,65.0080032245752,44.1808587871474,59.0774256018322,62.8673039656092,62.0808684990856,54.5904819393399,67.604342876347,63.8313505401609,61.4501061276469,61.4353919386376,59.3814724568523,56.6550773675222,43.9690852533049,61.0385599761908,41.3618475146709,54.6241560644545,68.9513949548511,68.0513506299187,42.4748953957789,59.3432309524038,66.8045531269818,68.9319422823842,68.1376786574974
69.7329272399789,46.397248614588,61.9047823085696,66.9459657923816,67.4348939942383,65.3463882556385,68.8808763957069,61.5663781281557,65.5357132553159,44.939622998458,59.0774256018322,63.2466510212163,62.091869252058,54.6003482145207,67.6049670345163,63.8313505401609,61.9190366823995,61.4372193639738,59.3815381503759,56.8635993859599,43.993498132944,61.0481440401305,41.3674688699342,54.6351112729969,68.9902473342245,68.0540805690055,42.4748953957789,59.8158425378815,67.2252932487886,68.9542607743521,68.1571135582567
69.7349433942255,46.397248614588,61.9421779235868,66.9523212440302,67.4348939942383,65.3584575760701,68.8860270428416,61.5865501973897,65.8327938371602,45.2404254301315,59.0774256018322,63.6327632703336,62.091869252058,54.6181347364256,67.6074470807686,63.8313505401609,62.1517653612742,61.4385996622268,59.381541954021,56.9012899242043,44.0294880474996,61.048709851668,41.3674688699342,54.6392361747161,69.0433428779046,68.0619373709776,42.4748953957789,59.979750520786,67.3136857843255,68.9665039531294,68.1682039306421
69.7392286456881,46.397248614588,62.0015086089958,66.9551871453342,67.4431419662353,65.3598493850581,68.8995747663052,61.5887799781501,65.9013659349697,46.4073952594777,59.0882142013417,63.9597271353283,62.091869252058,54.6263766703018,67.6133111902582,63.8313505401609,62.4602517241322,61.4386302776652,59.381541954021,56.9241947934725,44.0353277259291,61.0508727169494,41.3674688699342,54.6448040094423,69.0730654059779,68.0620410044808,42.4849616640644,60.9499930971316,67.3354972738004,68.9684785528034,68.1862498943532
69.7444943556544,46.397248614588,62.0178425184323,66.9565321140995,67.4498367676419,65.3598992669714,68.9087607024435,61.5916839670183,65.9118847219228,50.1151369058563,59.0882142013417,65.3727444917991,62.091869252058,54.6456424386427,67.6143660800355,63.844933347957,62.4695403808769,61.4407024334271,59.381541954021,57.3986473715074,44.0353277259291,61.0534680008933,41.3674688699342,54.6483820094519,69.1036460476737,68.0685226465938,42.4907301915231,61.3956768328685,67.3722128396587,68.9698780877902,68.1877465676447
69.7452668094585,46.397248614588,62.024909643306,66.9578338323646,67.4666511352878,65.3600230779776,68.9150475590178,61.5924267360942,65.9118847219228,53.5375258729718,59.1247388240433,65.8609762713529,62.1203931305012,54.6524085688089,67.6151736936685,63.844933347957,62.5409361128551,61.4437301308102,59.381558290356,57.9856169698215,44.0353277259291,61.0541332813995,41.3674688699342,54.6513860603768,69.1036460476737,68.0688802446099,42.4955611534259,61.5728451250121,67.3773051070145,68.971235311803,68.1877465676447
69.7670762628446,46.397248614588,62.0353951813289,66.9594906061301,67.4780095795331,65.3629203854603,68.9169159980844,61.5944047251555,65.9368255180332,55.0140713425701,59.1365900147332,66.8771188147746,62.1211065352993,54.6612413949274,67.6151736936685,63.8544105250818,62.5711316294023,61.4454683330172,59.3816303314722,58.9796953851023,44.0353277259291,61.0569679735451,41.3674688699342,54.6532367007016,69.1060803638399,68.0716483822464,42.5358313828201,61.5869526548802,67.3869617945327,68.9757510081948,68.188491876968
69.7723526400795,46.397248614588,62.0525939209452,66.9615252331005,67.4807360929135,65.3647672508531,68.9172825498531,61.5951653788695,65.964630118,55.0140713425701,59.1365900147332,67.4451501888371,62.127613102396,54.6751450248996,67.616482050964,63.8544105250818,62.5781278493626,61.4454683330172,59.3816669729066,60.4538848960493,44.0358598949205,61.0587463811369,41.3674688699342,54.6563293407815,69.1094151092036,68.0725585025143,42.546028888392,61.6636380760872,67.4332643364595,68.9862500512455,68.202768122491
69.7723526400795,46.3977705804485,62.08572030844,66.9615252331005,67.4854023100028,65.3647672508531,68.9199371384467,61.5974685159764,66.021739196754,55.4314465026096,59.1365900147332,67.6579628295051,62.1394402299506,54.6792066401686,67.6173138186865,63.8753487018769,62.5848022653815,61.4482447539702,59.3817076428874,61.7524022464693,44.0746220059315,61.0597686995062,41.3674688699342,54.6580018893824,69.1213741117296,68.0768814983371,42.546028888392,61.691461336365,67.4332643364595,68.9894175957157,68.2371232531636
69.7880001793617,46.398443301583,62.1234992399918,66.9615252331005,67.4940132661158,65.3647672508531,68.9206571402153,61.6005874557853,66.0295888468463,55.5446177858604,59.1365900147332,68.0555009145366,62.1478891354753,54.6792066401686,67.6180853399675,63.8753487018769,62.601466999152,61.4490609965667,59.3817076428874,62.67288428964,44.0746220059315,61.0597686995062,41.3677977608374,54.659074922013,69.1213741117296,68.081428736646,42.5493629963843,61.7143210617957,67.4386243163436,69.0139603401775,68.5027226903193
69.7943647569708,46.398443301583,62.1494804282668,66.9656602011283,67.5012616541936,65.3648382026919,68.9226944395148,61.6047531641453,66.060078741963,55.5446177858604,59.1365900147332,68.3765314652521,62.1501779033437,54.6805128227687,67.6203668992842,63.8892500811635,62.605111721677,61.456545486521,59.3817076428874,63.2584590575944,44.0746220059315,61.060963101235,41.3893458657744,54.6598855090667,69.1265909007619,68.0823472984423,42.5548824795614,61.729444808291,67.4406002297238,69.0276618347142,69.0202824970465
69.7965980983332,46.398443301583,62.1519300520318,66.9698043808614,67.5063248811442,65.3660788567623,68.923890809784,61.6072592728164,66.0691690329294,55.5991349109784,59.1407679416942,68.4559206525727,62.1505632479956,54.6812356013565,67.6211256907782,63.8892500811635,62.606372826894,61.4633533529011,59.3817109897249,63.6461967855885,44.0746220059315,61.0612286464551,41.3909636231443,54.6598855090667,69.1330621489183,68.0829956721264,42.5617414557971,61.729444808291,67.4560978538363,69.0483842143522,69.1236877294546
69.8195596557052,46.398443301583,62.1615485985628,66.9727388619912,67.5063248811442,65.3660788567623,68.9258964340668,61.6078711567805,66.0783720196759,55.6638217712339,59.1431633951508,68.4613512618323,62.1526150621971,54.6812356013565,67.6226239746574,63.9030486772965,62.612832751244,61.4644085423598,59.3817109897249,63.903824828256,44.0746220059315,61.0614485584088,41.3909636231443,54.6599457384115,69.1362880423112,68.0884722169994,42.5669554912032,61.7366147605777,67.4645712716598,69.0567446938687,69.1303909982769
69.8245845098147,46.398443301583,62.1625416855033,66.9732412970515,67.5111453855282,65.3663626400331,68.9268979724138,61.6095143182236,66.0810250648716,55.6964685698806,59.1431633951508,68.4685042029238,62.1540391778124,54.6819736224993,67.6259733860399,63.9162154347034,62.6159244449049,61.4649588184976,59.3817109897249,64.7969104371096,44.0746220059315,61.0625657164452,41.3909636231443,54.6599631116064,69.1462568887348,68.0962325366415,42.5679613513694,61.7431574016544,67.4698717823976,69.0718113450589,69.1340103801605
69.8342394711991,46.398443301583,62.1635853466057,66.9732412970515,67.5272834911892,65.3668723679199,68.927642548288,61.6138404083743,66.0810250648716,55.7085189656303,59.1448965240709,68.4693688851549,62.1549306816268,54.6838308215474,67.6259733860399,63.9162154347034,62.6238437744929,61.4657141168667,59.3817109897249,65.063639887843,44.0746220059315,61.0628880084383,41.3909636231443,54.6602011413186,69.1550379906101,68.1076528047767,42.5696412210042,61.7507844958628,67.4770825801892,69.0919116820398,69.1379463658637
69.8388911292738,46.398443301583,62.1663116583223,66.9743132457464,67.5272834911892,65.3707146175571,68.9284225498128,61.6214495648145,66.0883624876124,55.7520700225702,59.1448965240709,68.4697092642844,62.1552318361429,54.6838308215474,67.6296444841643,63.9162154347034,62.6264359437582,61.4664550284308,59.3817131088995,65.5729891657459,44.0844156997825,61.0647565859724,41.3909636231443,54.6603074803504,69.1640350772304,68.1146958695423,42.5708223912101,61.7567503338527,67.4814105051074,69.1120270152467,69.1474690181433
69.8388911292738,46.398443301583,62.1691382312114,66.9744747723459,67.5561316375489,65.3712300490406,68.9289102911542,61.6314129115689,66.0926940231265,55.8148617077305,59.1448965240709,68.4705840485463,62.1571775932627,54.6842903198879,67.6325138692676,63.9666115200528,62.6363247242742,61.4693595601972,59.3817140592519,65.6036512104353,44.0844156997825,61.0704868763854,41.391876989129,54.6603773213933,69.1761467653147,68.1339205479674,42.5713106642498,61.7616353742198,67.4869538796466,69.1260122466393,69.1538046226572
69.8422407441362,46.398443301583,62.1695687363593,66.9744747723459,67.5561316375489,65.3712300490406,68.9308151520325,61.6376373335538,66.0969552646976,55.8463764663299,59.1463121847956,68.4722960060819,62.1592245695296,54.6842903198879,67.6376203941263,64.123488624589,62.645193604931,61.4720854693395,59.3817140592519,65.6307488809189,44.0844156997825,61.0795297748247,41.391876989129,54.6603888465336,69.1784788454054,68.1438965088965,43.144095246918,61.7635922022009,67.487899847163,69.1336605409405,69.1641800453851
69.8425412731938,46.398443301583,62.1704602674836,66.9754201954158,67.5570580530429,65.3729503363596,68.9328538468541,61.6422978900835,66.097286247921,55.8632155249938,59.1480390893237,68.4746538291085,62.1600941937913,54.6852806663,67.6411002717022,64.2265335167398,62.6558694767617,61.47222060447,59.3817140592519,65.6670082350088,44.0844156997825,61.0875465799986,41.391876989129,54.660416187879,69.1817916138938,68.1593923058487,43.6692548880083,61.7683125720094,67.4904083233828,69.1370030747178,69.1701193637688
69.8447373046526,46.398443301583,62.1714643530259,66.9760715527536,67.5606407402296,65.3729503363596,68.9351816920206,61.6504243642062,66.097286247921,55.8705771376885,59.1508326525806,68.4758103405478,62.1622691740991,54.6865922194396,67.6501187768673,64.2812716983111,62.6641689612278,61.4725194347823,59.3817140592519,65.7191322478798,44.1204888569015,61.0906727363205,41.391876989129,54.6604286220893,69.1892781505344,68.1767649188456,44.2415278975833,61.7721418954857,67.4943915823691,69.1435993758437,69.173249226173
69.8454746748546,46.398443301583,62.1722916621964,66.9764157346074,67.5624527109892,65.3750849961669,68.9386415987707,61.6608821520113,66.0996421931411,55.9210573387228,59.1590404108576,68.4787149962534,62.1649209190639,54.6923518312073,67.6712867525489,64.3235668760698,62.6771708686056,61.4733122778435,59.3817415685806,65.740215320553,44.1686641484986,61.1007452593158,41.391876989129,54.6604305884835,69.1927760876736,68.1871125772059,46.1913894696954,61.7861960280454,67.4950765926789,69.1489458524783,69.1752997060769
69.8564741590872,46.402651895228,62.1738550969557,66.9769435264327,67.5646192335921,65.3756803275921,68.9400147386523,61.6787530472049,66.0996421931411,55.932531844622,59.1628004444989,68.4845182846648,62.1672157130608,54.7000074976519,67.6916217984705,64.3889602244051,62.6905222991445,61.4733122778435,59.3817801655333,65.7834114013899,44.1686641484986,61.1288411199094,41.391876989129,54.6604907934811,69.1934544100411,68.1952126068317,48.2529147807914,61.8002983350156,67.4989737779986,69.1530051305186,69.1827370116441
69.8627774761995,46.406084131762,62.1740054039525,66.9772046603258,67.5672876276345,65.3764580565148,68.9414203029854,61.6963835483059,66.1025586413175,55.9361956824524,59.1707834419103,68.4845182846648,62.1691068239539,54.7065824603754,67.7008554366716,64.4200333213678,62.6966880359354,61.4744406064878,59.3817839320528,65.8351467513917,44.246107677258,61.1835302504187,41.3970985803448,54.6605155213821,69.1943437808648,68.1993023182496,48.4029462575282,61.8272597197226,67.501992663768,69.161160187241,69.1848869683555
69.8676655156604,46.4126140935664,62.174144782395,66.9774479884941,67.5737407833403,65.37723096351,68.9425695251076,61.7292666364424,66.1025586413175,55.9373793014228,59.1738418023376,68.490097498209,62.170832478497,54.7222310729347,67.7101819843647,64.4249221881924,62.7033676031765,61.4746593271447,59.3818125825775,65.8759987663826,44.246107677258,61.2396963060523,41.3970985803448,54.6605661866299,69.1951086913012,68.2163899971948,48.4905717304359,61.8457183193777,67.5039419292661,69.1659807450071,69.1913918851843
69.8676655156604,46.4126140935664,62.1748265191598,66.9776756387256,67.5743900771558,65.3802215849655,68.9436994005937,61.7498790947207,66.1037994779918,55.9385781685309,59.1790848536182,68.4970914783384,62.173494157633,54.736003232309,67.7165895388419,64.4333497145932,62.7103103307093,61.476260342352,59.3818357907641,65.901413202963,44.246107677258,61.2814084727655,41.3970985803448,54.6605781544214,69.1969845356172,68.2176236603983,48.5155035730257,61.850109500233,67.5076511446149,69.1676811292186,69.1913918851843
69.8701825615414,46.4126140935664,62.1748807911022,66.9778467477166,67.5744059121496,65.3825843030528,68.9447721092821,61.7722729466857,66.1047264599456,55.9392950821645,59.185029237417,68.5088550623937,62.1767950836332,54.7635365704715,67.7210006936274,64.4379067099454,62.7167786811241,61.4791027737347,59.3818417394143,65.9376471942241,44.3168201906721,61.3991582248942,41.3970985803448,54.6605884702319,69.1983631713914,68.2330230912464,48.5324922832143,61.8570160133749,67.5105896856572,69.1697484010113,69.196245010585
69.871476498359,46.4126140935664,62.1753918433361,66.9784263511815,67.5766693548721,65.3858202972489,68.9459035249008,61.7986085589536,66.105224079767,55.9397642217118,59.1887316367866,68.517794270227,62.1823603817443,54.7812924374504,67.7255450787296,64.4381682755352,62.7216336889112,61.4871094435517,59.3818428252723,65.9745992721551,44.3168201906721,61.4400536226833,41.3970985803448,54.6605937210958,69.1983631713914,68.2463366727369,48.5545970722501,61.9008640070612,67.5173053393468,69.1723833675466,69.1994636148447
69.871476498359,46.4126140935664,62.1764637067193,66.9790525138561,67.5814983408814,65.3891849744539,68.9477189734322,61.8206609476928,66.1061408544159,55.9404500023858,59.1911283827467,68.5324360218525,62.1856733717396,54.7954520198922,67.7291282509016,64.4381682755352,62.7312026250178,61.4902215677586,59.3818484300391,66.051932844483,44.319996669979,61.5199425110938,41.4013252303549,54.6606086312727,69.1990265850111,68.2543227780387,48.5585086200864,61.9166570147779,67.5176379004824,69.1738001541806,69.2038222108625
69.8728297228051,46.4265633189588,62.1777085654295,66.9796225335403,67.5821832081994,65.3944969973972,68.9492917148372,61.8250102470704,66.106316192949,55.9404500023858,59.19348554625,68.5448680478212,62.1887342602816,54.8170569305049,67.7336013048173,64.4401765111861,62.7339679785076,61.4905597769787,59.3818559969993,66.1269213659071,44.319996669979,61.5246064776197,41.4013252303549,54.6606111706783,69.1990265850111,68.2716359939356,48.5794245532418,61.9643941166316,67.5192380592963,69.1747091029585,69.210440011622
69.8742779622121,46.4265633189588,62.1790536128007,66.9798913967878,67.5824928240595,65.3975164297562,68.9518105390487,61.8256549653636,66.106750181827,55.9406083100997,59.1974617451969,68.5509009272025,62.1906769456513,54.8835193136206,67.7386810430446,64.4432978352767,62.736562350127,61.4923079076342,59.3818597098312,66.1733918719321,44.319996669979,61.5392642928933,41.4023428774402,54.6606602517202,69.1992332954149,68.2844492751262,48.6564504888841,61.9897349999924,67.5219700695302,69.1751569113797,69.2169584589407
69.8742779622121,46.4265633189588,62.1801943245647,66.980112211142,67.5831607751948,65.4005866131019,68.9542274117139,61.8286872878992,66.1070169632189,55.9406169582325,59.2066114706913,68.5556482851329,62.1925667798162,54.9443252895275,67.7429662022398,64.444520393227,62.739372713611,61.4927432633229,59.3818645540898,66.2328623141665,44.3477916904358,61.5422247945906,41.4103380682779,54.6606987793071,69.1997500878145,68.2894563445729,48.8609650053303,62.0050471466756,67.5243254862826,69.1752371135289,69.2223399257406
69.8753834212085,46.4305634106413,62.1824327558272,66.981087445072,67.5831607751948,65.4028901535569,68.9577162157331,61.8302360262967,66.1070582606364,55.9406374566175,59.2278585085729,68.5667280160518,62.1936411494448,54.9929182025433,67.7489159311213,64.4501510111577,62.7414948105126,61.4929562119916,59.3818687662258,66.2941824115307,44.3889679422513,61.5422247945906,41.4103380682779,54.6606987793071,69.1999997821556,68.2982285889208,49.0101359004978,62.0221706091495,67.5255487800919,69.176123805701,69.2302571302792
