-70.1963601241122,-47.2781364354868,-79.6561883486087,-137.297338000495,-82.466563003934,-140.522386962162,-68.0754447878561,-79.0873056088816,-86.7399381676633,-71.0690174434478,-96.3520392461959,-96.0052291824777,-87.2897943778118,-109.620240765493,-39.3213542351003,-79.8941577958482,-40.9810630025163,-63.7198612987876,-123.930979296863,-74.5026406556369,-105.430146450956,-83.4534355392832,-116.271247506447,-258.812890543152,-92.2203609582857,-73.0247306162725,-58.8744923998657,-55.9475810157439,-154.362883084644,-177.285468119503,-116.858946968431
-17.6870070596034,-1.56651952681791,-8.25261004856782,-24.487674477432,-11.6960388913578,-40.7980397007944,-16.4929717216163,-18.9265371511934,-23.8821593142089,-17.0471112542103,-27.1043098169999,-43.1790922390403,-23.6383372295283,-32.4522381283415,-14.0877510387815,-20.0913876987903,-10.5186952153835,-17.4265247506883,-40.1933621837446,-6.40341845555509,-26.6374130548105,-26.0936394198179,-49.111268484174,-98.3375234689964,-21.2261683661692,-20.3534232803851,-17.9631968777395,-8.36495207096363,-46.6938949755813,-4.90711428627655,-43.1022868764451
-7.8206911416447,1.59825133394362,-6.02627427208708,-24.487674477432,-2.06561531897518,-40.7980397007944,-16.4929717216163,-16.9337570448438,10.2566557865689,-17.0471112542103,-13.7648781313445,-29.620143687719,-2.84572367041756,-25.4759649625528,-14.0877510387815,-8.68653374810064,-10.5186952153835,-17.4265247506883,-31.7279950294437,12.2380833688292,-12.4481113191934,-24.0337948930064,-46.1613180495217,-98.3375234689964,-20.6944396009937,1.52238609451121,-8.1235320499302,-8.36495207096363,-36.8632014763551,-4.90711428627655,-31.9253216389604
1.23572337192992,3.69990095024895,0.565325894096858,-24.487674477432,1.14042073279191,-40.7980397007944,-3.36682421802271,-4.78387320478076,10.2566557865689,-13.250666691981,-7.74711083075863,-24.2122928539734,-2.84572367041756,-14.7006290292688,-11.3146278528415,-8.68653374810064,-5.5529319228759,-12.9887884376601,-31.7279950294437,12.2380833688292,0.0279883683965707,-12.3926257936456,-28.7676732848616,-94.8938302359474,-20.6944396009937,1.52238609451121,6.20299797667569,-8.36495207096363,-18.1386949903059,-4.90711428627655,-10.9032672007194
1.23572337192992,5.223011841239,1.48041528054589,-10.4005104424368,1.14042073279191,-40.7980397007944,-3.36682421802271,-4.78387320478076,10.2566557865689,-5.63015350875343,-7.74711083075863,-15.9994140578087,-2.84572367041756,-0.922804285970663,-5.64990830045867,0.807180091906886,2.0983122985683,1.05971954020137,-29.2832076903187,16.8675871080425,0.0279883683965707,-12.3926257936456,-28.7676732848616,-87.3759398648919,-20.6944396009937,1.52238609451121,6.20299797667569,-2.60944987525937,-18.1386949903059,-4.90711428627655,3.07278617356808
5.32770059710505,10.0680064578469,11.3190786942624,-10.4005104424368,4.46279250392841,-29.8081579807081,-3.36682421802271,-2.99741258001682,10.2566557865689,-5.63015350875343,-7.74711083075863,-15.9994140578087,-2.84572367041756,-0.922804285970663,-3.36549515277845,5.84359643364451,2.56295092766246,1.05971954020137,-23.0660680301679,23.7975763564275,15.7692510831598,0.706874259909007,-4.16213924340489,-44.5874251666281,-5.56069453781499,3.27688850021536,7.50946943025686,-2.60944987525937,-18.1386949903059,-4.90711428627655,17.7838502183067
16.9767258730114,14.1284448302456,11.3190786942624,-10.4005104424368,4.46279250392841,-3.98140012597283,8.42598969012553,2.47960506444524,12.0706922151783,-5.63015350875343,-2.65865192237028,-2.88648283884986,-2.84572367041756,-0.922804285970663,-3.36549515277845,5.84359643364451,4.18090716582189,1.05971954020137,-23.0660680301679,23.7975763564275,15.7692510831598,11.2518421928594,-4.16213924340489,-44.5874251666281,-5.56069453781499,13.5191685898451,7.50946943025686,2.86588735624602,-3.03689298348043,-4.90711428627655,17.7838502183067
16.9767258730114,14.1284448302456,11.3190786942624,0.860972568749816,6.57642118567139,-3.98140012597283,8.42598969012553,12.8951663870103,12.0706922151783,-5.63015350875343,-2.65865192237028,15.3125814080854,-2.84572367041756,-0.922804285970663,16.4356978108251,5.84359643364451,11.8794553323334,1.67319186143898,-15.9581731016393,23.7975763564275,17.9365995629816,11.467279161276,-4.16213924340489,-36.5579616217664,-5.56069453781499,13.5191685898451,14.720254567783,18.9651857358082,-3.03689298348043,-4.90711428627655,17.7838502183067
25.2236850091482,18.074670330663,11.3190786942624,0.860972568749816,10.9903512317679,-3.98140012597283,11.8557633702657,33.9950439856774,12.0706922151783,-5.63015350875343,4.66695320674626,15.3125814080854,-2.84572367041756,2.52877391278211,16.4356978108251,5.93586320848325,35.0539243213333,10.0085720840875,-15.9581731016393,23.7975763564275,17.9365995629816,11.467279161276,-4.16213924340489,-9.66647932840206,-0.569303092255694,13.5191685898451,27.8556222357075,18.9651857358082,-3.03689298348043,-4.90711428627655,17.7838502183067
25.2236850091482,20.0217300214836,22.055800126428,0.860972568749816,13.5369104385294,-3.98140012597283,11.8557633702657,33.9950439856774,12.0706922151783,-3.55956766032843,5.43998450583149,15.3125814080854,-2.84572367041756,2.52877391278211,16.4356978108251,15.8432781379806,35.0539243213333,14.6645767175003,7.06855632082385,23.7975763564275,17.9365995629816,11.467279161276,-1.39624464911589,-9.66647932840206,-0.569303092255694,17.1333632989515,27.8556222357075,27.1562686450256,-3.03689298348043,5.33859095708615,18.5181825562392
28.8618095701262,30.5267654829936,22.055800126428,0.860972568749816,31.3536642561787,-1.6242286934541,16.4449005033596,33.9950439856774,12.0706922151783,2.37856092045681,6.07848102809781,15.3125814080854,12.1005416494022,4.84165202927534,18.362393166153,15.8432781379806,35.0539243213333,14.6645767175003,14.5987596513132,27.5189354566933,35.2464420586744,11.8317503528773,-1.39624464911589,-7.83451192664317,4.45205672146851,17.1333632989515,27.8556222357075,27.1562686450256,-3.03689298348043,7.23345814412152,25.5058118476898
32.1165364081665,31.1802171977402,22.055800126428,2.73957603594534,31.3536642561787,12.3903776901885,21.5410974622406,33.9950439856774,16.977059062493,2.37856092045681,12.7025931875566,15.8126445954304,15.1786587741913,14.2987508984696,18.362393166153,18.7200330795288,42.3686899441211,14.6645767175003,15.6033043616879,30.3160005851526,38.8650568978119,11.8317503528773,-1.39624464911589,3.34762736819418,4.45205672146851,17.1333632989515,33.6927689274405,27.1562686450256,-3.03689298348043,14.9569614217455,29.4627730749
37.8529661596593,36.8589085625143,27.8733376954246,22.1912583315645,31.3536642561787,20.4931522143324,31.4438074416301,33.9950439856774,23.2477235950052,6.72335498024718,44.4647138033889,15.8126445954304,21.0526789807797,14.2987508984696,18.362393166153,25.1328843930004,46.5826216219143,14.6645767175003,15.6033043616879,34.403206218181,40.0363588272934,13.9202610550803,2.4385772274331,13.2639001727882,7.43639998153784,18.1513882989358,33.6927689274405,33.3704762325683,2.44110226252781,21.0620928389923,29.4627730749
51.0508026777756,42.3743455527977,35.976561820828,22.1912583315645,31.3536642561787,20.4931522143324,31.4438074416301,41.2327474657939,25.389340553739,8.27635186574546,51.065300314013,15.8126445954304,21.0526789807797,14.2987508984696,26.0345782574514,34.7669143626857,53.6893349550864,22.0468189579738,15.6033043616879,38.4182695057495,43.322587769049,13.9202610550803,7.56455515372224,13.2639001727882,7.43639998153784,18.1513882989358,33.6927689274405,34.1792375009297,8.1282993981979,30.0362178528041,35.414938909798
51.0508026777756,43.9485957742074,36.846588511445,22.4285701754755,40.7624915016395,23.1503897341587,31.4438074416301,41.7203132919771,28.3054911984873,8.27635186574546,56.0499912809022,21.9735571675789,21.9535428825046,14.2987508984696,30.517563356151,36.2226429947685,61.1972946338665,24.5775472864455,15.6033043616879,39.3691615254841,44.8655790981795,17.0365561995418,9.65087329587771,29.8709327884268,7.43639998153784,20.2920891831698,36.5085560007507,34.1792375009297,8.1282993981979,37.1288784306682,38.1846277306975
51.0508026777756,46.583344127479,41.0419909371143,22.4285701754755,40.7624915016395,23.1503897341587,31.4438074416301,41.7203132919771,28.3054911984873,12.3633486347752,57.3259398273944,32.8009966431057,29.0691222959836,14.2987508984696,30.517563356151,36.2226429947685,63.1868937542404,30.3299653519095,15.6033043616879,47.077645456814,48.7895132302191,17.0365561995418,14.5819213808924,33.3759582359154,8.80005777011536,22.9080866661414,43.3003153189032,41.8592407323315,17.2577778032547,37.3055320982158,38.5410515712115
51.0508026777756,46.583344127479,42.0540143558381,24.7250819096997,45.1009720696805,23.4535146093121,31.4438074416301,42.0502170203658,31.1456797037338,15.6041390981741,57.3927065668211,33.5787112327053,32.2913893771147,17.426106791652,32.775181616284,41.5879288651106,65.8437728197492,30.3299653519095,19.7142421240181,50.0320154590354,50.8617333892724,18.7130569297121,14.5819213808924,44.99382485207,11.5204716489171,28.7444514661269,47.9000651894158,41.8592407323315,17.2577778032547,38.2888237047078,42.4122547170158
56.5250111520812,46.583344127479,46.7546153975355,30.2201056926934,45.1009720696805,26.7724487117489,32.1146957872017,48.9440028874987,31.1456797037338,18.8916330051503,57.3927065668211,35.1421718895284,36.2896608913645,18.7577063644775,38.2225909046457,43.8680923795075,65.8543146588035,30.3299653519095,20.5149065442176,50.0320154590354,52.6103180466429,20.4859565426561,16.3996894288571,51.3994649024904,13.8101547074103,28.7444514661269,51.8640251827056,42.3147788781537,17.2577778032547,45.7708699430202,43.2644263326895
59.9115087784482,47.3743075053802,49.1673807598641,32.1209557626005,48.1819730197767,35.4829069796068,36.1785121488524,48.9440028874987,33.4829772258484,22.9227332296467,57.3927065668211,36.7790068849641,40.8966221181659,32.0756632684866,38.2225909046457,43.8680923795075,66.3343387541664,30.3299653519095,23.9185720432744,52.257008035526,53.4234853977233,21.4736344248235,18.4993574987463,54.9098148705362,16.1827797510185,31.0011044635641,51.8640251827056,50.5791926610839,17.2577778032547,48.4283519699866,43.5334870269665
60.6690018114268,47.4310133452127,49.8034150064318,33.6476674767506,50.18667106706,36.4723583727544,40.8769430525424,51.9789054816414,33.5250258549487,23.9909218437596,57.4497113142331,42.5894931447211,43.6433793974054,35.7784785125559,39.0886008880035,44.0912948151765,67.2564296867045,32.9006793620935,39.203615152829,52.6541746807224,53.773862251655,23.995362185037,23.0301752378281,57.6433563463542,17.7089385769108,33.5133474577261,53.7383819864511,53.3768028632659,17.2577778032547,51.8840071826499,43.9309653862496
64.2065174320616,47.4310133452127,52.2587207246433,33.6476674767506,52.0714026534534,36.9111741412227,42.3995834353936,53.1207794311552,33.5250258549487,25.4493161182898,60.1025358453706,42.5894931447211,47.8082574306094,36.9257045416409,41.7363716480591,47.0826233299588,67.6115972588602,37.4172628501866,39.7341519099072,53.0387755658894,53.8496471929575,23.995362185037,24.4988884244921,65.2273765519229,32.0997761056779,41.6110030506511,56.1047157250936,54.0801615240262,25.1469645605627,53.3814831398621,44.5964811148547
65.9405235768091,48.0728209018493,54.2120585611563,41.1544815140219,52.7317743890721,40.7494316500091,43.9640893456104,56.1523153115949,41.2882784617639,31.7187867004119,61.4203102036292,45.5153934935073,50.4368469650882,38.4655228486601,43.416362527065,47.0826233299588,68.1024574361958,40.7460048342007,41.8028682866282,53.0387755658894,53.8496471929575,28.7259740485725,36.9782251787663,66.3569305949136,33.881085945112,41.6110030506511,58.5427488552432,54.0801615240262,37.3207822374149,54.824327359456,44.8905425202995
67.3084185617229,48.3404957091748,55.1555228124132,46.0256630970644,54.1003238884879,41.6275818482709,44.371739363652,57.6054214891183,46.127593772159,34.4996890448656,61.6521977145461,47.2746477402479,50.5432238366681,43.5515214719742,43.6901808609584,52.4780884735491,68.5955832114593,43.574955063418,41.8028682866282,53.0387755658894,53.8496471929575,32.429864930586,36.9782251787663,66.4986467815924,38.7799972748505,41.6110030506511,59.2615343885695,56.5506170508734,38.9614225802722,56.0907703463441,45.5718653470722
67.4561596601104,48.6009389199503,55.6291650592743,46.0256630970644,56.0949031058035,42.458583595962,45.2316705535755,58.4314564676534,46.127593772159,35.4319232894348,62.659170721182,48.0936556953299,50.5432238366681,47.8033040806292,44.3036305921262,52.6417443591083,68.5955832114593,46.1059304237745,48.1400167133684,53.0818320127002,53.971191696975,40.7352727996784,36.9782251787663,66.6388116436182,42.3418682032852,41.6110030506511,59.3308245166833,57.4225900176859,38.9614225802722,56.0907703463441,45.7532905930659
67.5735589286717,48.6009389199503,56.0785761369316,48.770205123531,56.5411154918411,42.458583595962,45.5095769137948,58.8367785602863,46.127593772159,37.4257147199695,62.7231380046001,50.6173376713147,50.5432238366681,50.4303387095814,45.5139674415719,52.6417443591083,68.5955832114593,47.886946249937,49.5626527445757,53.1855847384305,53.971191696975,41.0160612392804,36.9782251787663,66.8905361429469,44.9452836130262,41.6110030506511,59.6096711998979,57.4225900176859,41.1138168903814,56.0907703463441,46.0358928715571
67.5849401909171,48.8115249192123,56.0785761369316,48.770205123531,57.2933935785811,44.6975961282764,45.5095769137948,59.3755015356297,48.6229599743666,38.10354202066,62.7231380046001,50.754338696934,50.5432238366681,51.1854837850943,47.408097841124,53.3083202245051,68.7625579264662,50.4213967717576,56.6742558621718,53.78480380077,53.971191696975,41.0160612392804,37.6337330796008,66.970210134166,53.6308082105117,41.6110030506511,61.1607618620531,58.5106441797204,45.9000990300277,56.4034753685262,46.4395396197967
67.6727780100986,48.8115249192123,56.265090488115,49.2132908204496,57.2933935785811,44.6975961282764,45.5095769137948,60.2347523458611,53.061660021384,38.2295572938002,63.0215067323824,50.824417248265,51.1485310004512,54.9577510911428,47.5302174640457,54.6300225280156,68.8238120581103,50.9403075825036,56.6742558621718,53.9139723869416,54.2615410664962,43.9243591226522,39.3954949464417,67.1390886899903,54.1187615085706,47.0680247012515,61.6298485764804,59.3122217126437,45.9000990300277,56.6952093753819,46.4395396197967
67.9678314663189,49.041157912767,56.265090488115,49.2132908204496,57.2933935785811,47.1133003327811,46.3581891679091,60.5245270180728,56.4924150600135,40.7971798082782,63.1966493223963,51.7153858539453,51.1485310004512,55.7185623369218,47.5498730074199,56.6554406411847,68.9225868906481,50.9403075825036,56.6742558621718,53.9139723869416,54.2615410664962,44.9661598545299,41.5453218163417,67.2360699504869,55.8834916244562,47.4275806295341,62.2492079949094,60.3605563692614,52.5357480196363,58.8614377507855,46.4395396197967
67.9678314663189,49.0640828622605,57.5046621104069,49.2132908204496,57.2933935785811,47.1133003327811,47.5104518337996,60.7784998781155,56.4924150600135,40.7971798082782,63.2293550877704,53.5409829017557,51.1485310004512,57.381635271142,48.3680959149582,56.6554406411847,69.0845216710341,53.8981276041331,59.0418233265269,54.2503882085609,54.2855750873173,45.9751659983275,47.9087124310245,67.372980408557,56.589727256692,47.4275806295341,62.2492079949094,61.5321210329416,53.0720410084309,58.8614377507855,46.5896961696508
67.9678314663189,49.305574030742,57.5313870611431,50.7688760436746,57.8772841606442,47.1133003327811,48.3679654613248,61.0776159979503,59.7197217516803,41.0742455326894,63.3076818812118,53.8971263907356,51.19511027949,60.3616142606671,48.3680959149582,58.3931437298129,69.3478995620407,53.8981276041331,59.0418233265269,54.3538445971599,54.2943353515103,47.783889105423,48.5500400545425,67.6477142665416,57.0934617461756,48.4707201375255,62.2492079949094,62.3208441312049,53.0720410084309,59.8711071447653,46.748476559329
67.9678314663189,49.4840505659048,57.872476346551,53.8658108536962,59.9750616487576,47.5064605480084,51.6872471372156,61.0776159979503,59.7197217516803,41.4305098350684,63.3076818812118,54.2116899236353,51.8047333732867,60.8581203776455,48.3680959149582,59.7188555871212,69.4718598861063,57.1354783061435,60.5028223162676,54.3881975910171,54.3635280663869,48.6427850733843,51.2083739222167,67.6477142665416,58.9328795976659,49.9780012415966,62.3677946419281,62.9441889420985,53.0720410084309,59.9050738113088,46.7727641336533
68.5763929356311,49.4867985976175,58.2130295621053,53.8658108536962,61.2975172233568,48.5861761155411,51.6872471372156,61.0776159979503,60.9849234396179,41.7732819504913,63.329674236799,55.263549883312,51.8047333732867,60.8581203776455,48.4412750444893,59.7188555871212,69.4718598861063,57.1354783061435,60.6450463340244,54.7782726672561,54.411736281298,49.0040156075401,52.9167479513005,67.7888565929005,62.9314733500952,50.9523652145354,62.3787168984818,62.9441889420985,54.3507583482122,60.9839570529889,46.7727641336533
68.6775387817194,49.4867985976175,58.3594788042262,53.8658108536962,61.2975172233568,49.7018750016277,51.6872471372156,61.0776159979503,60.9849234396179,42.3493837238946,63.6232734496746,55.263549883312,52.4235303145495,61.0754720280082,48.4412750444893,60.5540527209431,69.5655046983864,57.1354783061435,60.7891684068808,55.2563804584094,54.4536608793084,49.6453237047713,53.7627990240173,67.8765026247656,62.9314733500952,52.6663450043637,62.4357136136487,63.0102363566993,55.0466028529306,61.2804658529885,46.7727641336533
68.7101879649455,49.685453286099,58.3594788042262,54.0879016960206,62.7111019350764,49.7018750016277,51.7421250894621,61.1403564966359,61.6212956796795,42.5044863517547,63.9856518058912,55.7150557486738,52.4235303145495,61.8977334298813,48.4950635485503,60.5540527209431,69.5655046983864,57.1354783061435,61.3743067306313,55.2563804584094,54.5126713453205,51.5582919341517,56.5432234274525,67.8765026247656,63.1821849217118,52.9216870045168,62.7522209358565,63.2426139429714,56.5306226668536,61.8293756966614,46.9294001129376
68.7101879649455,49.7605679348314,58.4514821278824,55.8567543107279,62.7235172469297,49.7018750016277,52.789811273268,61.5257589468737,62.6319404551625,42.5044863517547,64.1461891304182,56.734642188148,52.495127959727,61.9990034113688,48.6227337423481,60.5540527209431,69.5655046983864,58.6155803514617,61.7295112638175,55.2563804584094,54.5168249764109,51.5582919341517,56.5432234274525,67.8765026247656,63.292065190761,53.6693640228794,62.8282964558515,64.1413648014832,59.0475540219271,61.9478467788322,46.9903973397122
68.7636638891035,49.7682223056026,58.4514821278824,56.7801645067675,63.0508491722708,51.6535906905319,52.789811273268,61.84819815204,62.8241611618797,42.6388611764961,64.2671402755716,56.734642188148,52.495127959727,62.3941093276828,48.6227337423481,60.5540527209431,69.5885208482084,60.2411349974178,61.8820484150633,55.4419221830109,54.5502171250646,51.5582919341517,56.5432234274525,67.8765026247656,64.0691818318923,53.6693640228794,62.9953569615947,64.8203194640281,59.4431254340434,62.1554278791895,47.4663111095732
68.8369111961072,49.8209390429162,58.5045121860164,56.9097930702998,63.0508491722708,51.6535906905319,53.9890105872278,61.9481199686965,64.4327190356487,42.8048538030206,64.788315635199,57.7347409233115,52.495127959727,64.0403486170683,48.6417676225309,61.2912671441338,69.619209530252,60.2411349974178,62.014688890586,55.4419221830109,54.5878071179647,51.7967934022035,56.5432234274525,67.9976923616465,64.4922997212128,53.6693640228794,63.1470406759865,65.0189902934047,59.6197544664194,62.8424097385953,47.7707488625944
68.8982140631281,49.9002290447469,58.6831587982249,58.814165837332,63.0508491722708,51.6535906905319,54.1608571892242,62.0036544379349,65.077709279403,42.8216408706031,64.788315635199,57.7347409233115,52.6665868413755,66.1541626381199,48.9547502747081,61.2912671441338,69.6433577662891,60.7607669673792,62.0868693770361,55.5222041419227,54.6098558350436,51.7967934022035,56.5432234274525,68.2297485141855,64.7536715464459,53.6693640228794,63.3691965050186,65.214751435423,59.6197544664194,62.8424097385953,47.7732661887595
68.9530761931429,49.9002290447469,58.7195034425259,58.814165837332,63.7070707648306,52.3858638599614,54.4050011172777,62.1950104499668,65.3948421787795,42.8216408706031,64.788315635199,57.7347409233115,52.9731915271949,66.1541626381199,49.1293501937167,61.2912671441338,69.6814147009092,60.9857367589138,62.0868693770361,55.5607958053333,54.6168831840493,51.9226094875162,57.65827685523,68.4343933223927,65.1120987757481,53.6693640228794,63.3691965050186,65.3772135173804,59.6584948203984,62.8424097385953,48.5568607269764
69.0118215912381,50.0099489490634,58.775073120381,58.814165837332,63.7070707648306,52.3858638599614,55.3349992246533,62.2787035952138,65.9390428926887,42.9258775194873,64.788315635199,57.7347409233115,52.9731915271949,66.1541626381199,49.1293501937167,61.2912671441338,69.6826648590985,61.6945574878008,62.8482738116999,55.6371473887587,54.6214390508092,52.0107695989505,59.7007547080848,68.5924178311547,65.1120987757481,53.6693640228794,63.4108724597305,65.3772135173804,60.2794937570422,62.8674509205136,49.4413977154962
69.1598828750216,50.0099489490634,58.7865613648258,58.814165837332,64.357733647691,52.3858638599614,55.6803187624818,62.3658658479135,66.2306703241331,42.9459646218436,64.788315635199,57.7347409233115,53.0210367259707,66.1541626381199,49.2163997705537,61.2912671441338,69.7024766966383,61.6945574878008,63.1539310371058,55.7390655272426,54.664238818069,52.0351756430688,59.7007547080848,68.5924178311547,65.2011431756296,54.061822151447,63.502903462206,65.4797916557896,60.9043407166605,62.9208586826609,49.5063321647428
69.2906039205379,50.0099489490634,58.8307344830804,59.5160928483799,64.393334605265,52.8957099519128,55.7914038984917,62.4283719265766,66.3085644847981,43.1858179784033,64.828235101221,57.7559165991526,53.3093304534968,66.1541626381199,49.2399396811329,61.2912671441338,69.7024766966383,62.9955100027615,64.1812924266523,55.7523660260287,54.7230453878828,52.113249672778,59.7007547080848,68.5924178311547,65.2011431756296,54.061822151447,63.502903462206,65.4797916557896,60.97339908107,62.9348724918322,50.2287766710813
69.3076657100258,50.0099489490634,58.850760191968,59.541165879205,64.6747234407416,52.8957099519128,55.9996919469314,62.4567160481856,66.4803246961111,43.2059470867016,64.9048695061288,57.8587821217837,53.3162441414845,66.1541626381199,49.540055018581,61.3738235688885,69.703788684776,62.9955100027615,64.8090093453619,55.7523660260287,54.7514131604821,52.113249672778,59.7007547080848,68.7994824797335,65.66617804462,54.3141426313109,63.5855343021319,65.5411678423637,61.385539043579,63.0074717003192,50.2995364860331
69.4963203226874,50.0200645281113,58.8526715125951,59.541165879205,64.8175653859089,56.6995690709493,57.1182707148207,62.495030611953,66.6918568754403,43.4201889894676,64.9252557340645,58.0773914644387,53.338148849654,66.1541626381199,49.6459921218469,62.0059421488831,69.7355701201482,63.0876678660461,65.5032902171682,55.7523660260287,54.7537695991709,52.1204232097687,59.8732625558868,68.8606739847765,65.66617804462,54.3846744685007,63.6352927189822,65.7476412718533,62.1592061662762,63.1852407993474,50.5804953386578
69.5560384330304,50.0770614266831,58.8716753313237,59.541165879205,65.1674794166991,56.6995690709493,57.1182707148207,62.5017740240057,66.6918568754403,43.4201889894676,65.0331733610088,58.2805852039782,53.4707392751552,66.5330895576237,49.6459921218469,62.0059421488831,69.7590944054062,63.7469537237251,65.9973364095039,55.7523660260287,54.7630061892033,52.1907954930496,59.8732625558868,68.9180695673038,65.7084316986609,54.5664180258702,63.6514197814142,65.7476412718533,62.8922096213503,63.2492077886805,51.0482233944074
69.5747502581304,50.1092655720572,58.9140976797327,60.1282571127993,65.1674794166991,56.6995690709493,57.1182707148207,62.5539557283805,66.7377467734432,43.9804536345888,65.1320296946395,58.2805852039782,53.6083256830328,66.5330895576237,49.6459921218469,62.0059421488831,69.7657931807317,63.7469537237251,66.3249132111773,55.7934410040869,54.7828144144354,52.1907954930496,59.8732625558868,68.9183620837729,65.7973667013826,54.5664180258702,63.6514197814142,65.8488240814415,62.8922096213503,63.2492077886805,51.0482233944074
69.6552084657172,50.1092655720572,58.931418673327,60.6090962785552,65.2835096838811,56.9606664923373,57.361934724608,62.6681301020692,66.7377467734432,44.8720180823917,65.191560448591,58.5043191525941,53.8582917372571,66.5330895576237,49.6459921218469,62.0059421488831,69.7911728463113,63.9136513995094,66.8334414841869,55.7934410040869,54.7835712355295,52.4281148711957,60.5393968257098,69.0101310195765,65.8846928011588,54.7278971363195,63.6635372099194,65.884238429986,62.8922096213503,63.2492077886805,51.096787798225
69.662425605407,50.1221745465869,58.9370627111779,61.2142709352137,65.361118676296,56.9606664923373,57.5027927884486,62.7282452602626,66.9483131634186,44.8720180823917,65.2230916479611,58.5043191525941,53.9260137789672,66.6066359688837,49.7371858926217,62.0059421488831,69.7923623813003,63.9349796668371,66.8334414841869,55.7934410040869,54.8402422030949,52.5093881826966,60.5393968257098,69.0411158435767,65.8952447059169,54.880373757772,63.6635372099194,65.884238429986,63.0850356346945,63.2791613326921,51.096787798225
69.7382891068639,50.151996986021,58.9576364266781,61.2142709352137,65.4387832673056,57.0754853152419,57.6293979051817,62.7807439107296,67.3243419051201,44.8720180823917,65.252839061393,58.6672576946026,53.9670778018287,66.6138839290074,49.8453509700132,62.0059421488831,69.8120042848862,63.9414405694089,66.8801214776412,55.7934410040869,54.8402422030949,52.5093881826966,60.6051963332545,69.1246773392645,65.8952447059169,54.880373757772,63.677709315309,66.005707757098,63.09930642266,63.2791613326921,51.096787798225
69.7382891068639,50.151996986021,58.9819856563729,62.6027003006893,65.4581550149344,57.8955494027891,57.9271528573478,62.7807439107296,67.3243419051201,44.8720180823917,65.252839061393,58.7508241795423,53.9690694105768,66.6138839290074,49.8521799007116,62.2557806670465,69.8136478834054,63.9414405694089,67.2232740473445,55.7934410040869,54.8402422030949,52.5093881826966,61.8460183880262,69.1584368486658,65.9688667376971,55.0768261500954,63.677709315309,66.005707757098,63.1015221998371,63.3883966929485,51.2545031955492
69.7382891068639,50.1751726796676,58.9848317698305,62.6027003006893,65.469208637989,58.0291210935795,57.9271528573478,62.7807439107296,67.3243419051201,44.8720180823917,65.3422403025234,58.7508241795423,54.0230926090617,66.8411121057634,49.9248260481034,62.4251356094693,69.829386592207,63.9414405694089,67.382613767916,55.8438145669508,54.8402422030949,52.5093881826966,61.8460183880262,69.1584368486658,66.1094868235616,55.1100607967008,63.6853171124288,66.005707757098,63.1654522047251,63.4799496355177,51.2999652442489
46.5928144035332,41.2544422775974,35.5574844292124,45.8302940862812,46.1258502834621,20.4430017878292,46.2978837047802,49.5354373140626,25.2493333679148,28.6439285102925,63.9441447796006,28.981308842717,42.5180592897645,26.3853946209646,37.4327186863298,59.9887516243739,44.8868501549943,43.1372436735987,27.4556725704525,59.1328024840231,50.761004012466,38.2376210373174,25.6810654514602,40.1353567760215,28.3909863209821,24.2277602746693,47.3466233830446,38.2065265979608,28.5809710011998,53.6925761240762,37.7364939155576
61.6000226523389,41.8703244753139,50.9475890796874,57.694606376243,57.2029598253444,43.3515965920459,56.6186321544666,51.7117116139679,56.1385511479494,48.8593526396205,64.5452879172237,43.8066804077687,52.8568252517247,45.9035414866734,59.699170116648,61.6024270689718,59.253905174799,60.4376324213811,59.2558104530488,59.273050304091,51.1256556687847,44.487516738115,51.6424350252783,48.2118621790076,61.2763744049498,58.9288268635396,61.1272308425577,55.87722122763,60.7854473678554,55.7112655725251,53.6727572097853
61.7110544873121,44.3683349850261,51.553898172232,57.7450225669263,58.2354032817632,44.3647572628218,56.8339192504918,53.1834776776867,57.3355101419691,48.8593526396205,66.4043356320978,44.2104305955359,53.7303168986763,47.3400972052524,59.699170116648,61.6555783030928,61.4193697510477,61.2535376487385,60.0083738623474,59.828701196501,52.9290787979857,45.7613596646687,52.9297764075343,50.4247832204583,61.3414019243792,60.6699731578419,61.4826305182861,56.219463084112,61.9812027476159,57.8090913986144,55.2783605901972
62.6111810494377,44.6145472282634,51.7567499106257,57.7450225669263,60.8010406995019,47.8273657073766,58.9013805914844,54.3895343356313,58.2090452413801,50.5937043639355,66.8730271047778,44.3323832419507,54.857803058064,47.9012406077102,60.7314139397578,62.3635710561928,61.9287141760775,61.2780385589695,60.2936993397631,61.3171087492318,53.8480533303783,46.0664598967577,52.9297764075343,51.703923846402,61.674747238229,60.6699731578419,61.8933030716169,56.6174807754759,63.7657002429567,58.4182147486992,55.5181843084021
64.4247392441046,45.3924548463959,54.1172298162542,57.7450225669263,60.8010406995019,48.5408293571229,59.600245271993,55.205379788351,58.2090452413801,50.5937043639355,66.8730271047778,48.0200324424181,55.4250965877948,49.4744315232539,62.2426174767416,62.9410540187007,61.948677418222,62.8084231876085,60.5708774311185,62.3389313626451,54.2663362876193,46.3134576816252,54.5612748859678,53.9188950246894,62.3469152500578,60.8520224826662,64.0615755494829,58.3725529121367,63.8797247872744,58.4182147486992,55.7775788790798
65.5648046293809,45.5665826291984,54.1172298162542,57.7450225669263,60.8919566992111,49.5906808103505,60.8209547281002,56.2661534094869,59.6487143187756,52.0407040336782,67.2948360673533,49.8127719631724,55.4250965877948,50.6856571086172,62.2426174767416,62.9410540187007,62.3309438050463,62.9345119860275,61.0403622585571,62.7620227446963,55.1900890453685,46.703708575252,56.5107483527577,54.5373820442359,62.8204096679172,61.3147100558547,64.7532465904925,61.512918369488,63.9859070202012,60.008801004325,56.3512051376313
65.5648046293809,45.8541257218408,54.1172298162542,59.942839494817,60.8919566992111,49.7353536673755,60.8209547281002,56.2661534094869,59.9013508473873,52.4695765190491,67.3978264991149,50.3722706013222,55.678202158406,50.7769808670833,62.8189803451386,63.3548631697791,62.9997514107488,62.9345119860275,61.7881955078702,63.2857297238723,55.1900890453685,46.8664098942036,57.5375028677648,55.4171671819142,63.573370835144,62.3722846034184,66.5275558621342,61.5214645431187,63.9859070202012,60.008801004325,57.4551557512994
65.88109537303,46.2346070509702,54.8943065379786,60.9858268813176,61.2352108827709,49.7353536673755,61.4294223155341,56.5986011419005,61.2071515135096,55.0913206955591,67.682615259318,51.0956751219093,56.2797283241473,50.7769808670833,62.8541376248607,63.3828874319183,63.2840734621297,62.9345119860275,61.7881955078702,63.3642868910635,55.1900890453685,46.8664098942036,59.3264693850768,55.9265361604874,63.8516192071638,62.3722846034184,66.5735118670547,62.1043325038653,64.4440581020951,60.1213280727433,58.2382412291614
66.0631277123205,46.2940707398871,54.8943065379786,61.0332475603255,63.3672625412227,50.130843278779,61.5239882982008,56.5986011419005,61.6412384595628,55.0913206955591,67.682615259318,51.252683508809,57.4502941556054,51.4854458821308,63.3199464313718,63.3828874319183,63.509818858536,62.9345119860275,61.8215967577846,63.4532715299245,55.3213747902671,47.0654264532991,59.3264693850768,56.473577413371,64.0018934220009,62.8734610029746,67.7344902012175,62.7910935513985,64.8726114867601,60.3777887489483,58.3240799529324
66.0631277123205,46.4268045118997,55.0893304982139,61.0332475603255,63.4055692811949,52.6342134960629,61.9650990012157,56.9818289792654,61.6412384595628,55.7250462166322,67.682615259318,52.1594451100617,60.2146957420888,51.4854458821308,63.3199464313718,63.7122935262068,63.509818858536,62.9345119860275,61.978918126491,63.9931021432629,55.7864403820375,47.3520937912762,59.3264693850768,56.7515851608555,64.2536111486588,62.8734610029746,68.0690983731498,62.7910935513985,64.9907888847827,60.6100842644866,58.8011640008132
66.3367869839418,50.0514150998542,55.0893304982139,61.6843491492019,63.7805644314959,52.6342134960629,61.9650990012157,57.019533891925,61.6412384595628,56.3639874992363,68.0891424564801,52.1594451100617,62.9146161996488,51.8871227081808,63.3199464313718,63.914728252646,63.754411662767,63.9930555125348,61.978918126491,64.3516503887884,55.9889723761745,47.6664963153305,59.8032073423858,56.801694883325,64.5495185099087,62.8734610029746,68.1110449127564,63.378067660113,65.4234461658624,61.2212971895181,58.8011640008132
66.8379100693622,55.2593826629489,55.2730971449733,61.6843491492019,64.4473440634456,52.6342134960629,61.9650990012157,58.0854621501147,61.6412384595628,57.7419259452753,68.0891424564801,52.1594451100617,63.4394924512734,51.8871227081808,63.3199464313718,64.117590132225,64.0230001189581,63.9930555125348,62.2831641184591,64.8328629812304,56.4972255005475,47.7001687079065,60.380311675232,56.8276942975238,64.5495185099087,62.8734610029746,68.454883018229,63.6312780504457,66.6961060069426,61.2212971895181,59.059531344419
66.9564180962622,55.2593826629489,55.2730971449733,61.7592237195839,65.1346617569201,53.0033236529026,62.0039146691836,58.6439357776874,63.1010532046833,57.7419259452753,68.2922614985802,52.4002224530619,63.993196990988,52.2693033980855,63.4121806055637,64.1547931014826,64.0230001189581,64.4454497409042,62.2831641184591,66.1493793346895,56.5447209289385,48.3738593041205,60.380311675232,57.352527771345,64.7172014007848,62.8734610029746,68.4957323676727,63.6312780504457,66.6961060069426,61.6139574798969,59.059531344419
66.9564180962622,57.9527012595561,55.3847683323768,61.7592237195839,65.2878245527621,53.0033236529026,62.2128005050531,62.6254353577121,63.1010532046833,57.7419259452753,68.3294640681337,52.6756337404005,64.0637611301433,52.2693033980855,63.5782926729337,64.3824314442476,64.0887961868522,65.3249767704919,62.2831641184591,66.1493793346895,56.5447209289385,48.8260554586806,60.6307905223815,57.5581619965519,64.7493771182245,62.8734610029746,68.4957323676727,63.6969559342351,66.6961060069426,62.1369252432588,59.3707481106291
67.1448153970714,58.7338874778573,55.3847683323768,62.5740244150747,65.2878245527621,53.0033236529026,62.5847081791391,63.2859149111599,63.1010532046833,57.8213066921657,68.4396304015984,52.9403577639572,64.3556709875134,52.6187425419505,63.7807838407363,64.4574244267839,64.0887961868522,65.3249767704919,62.2831641184591,66.1493793346895,56.6300475503512,49.1214197405154,60.9767071090021,57.6154987523356,65.0159849917054,62.9706546417701,68.5992085092394,63.6969559342351,66.6961060069426,62.4633480682826,59.3707481106291
67.2925589557154,58.8941104387245,55.5578198233533,62.5740244150747,65.2878245527621,53.2410170385692,62.983406632506,63.9999436042535,63.4733839346324,58.7515370383812,68.4396304015984,53.0466340001129,64.3556709875134,52.8687837011578,63.7807838407363,64.4769690713325,64.4716377609994,66.2371122001348,62.2831641184591,66.3655856159561,57.0878596035991,49.1214197405154,61.6373608852879,57.6154987523356,65.0159849917054,62.9706546417701,68.6027365224661,63.7917315144842,66.8446622079151,62.6347801825733,59.4726072116716
67.3361982274195,59.8992624512671,55.6423552940133,62.7481877250435,65.8087965460433,53.3985983189386,63.2107338418396,64.447917370706,64.0318052823312,61.1262792729644,68.8155961778133,53.0466340001129,65.4508767042348,53.2213311866234,63.8431183403259,64.5169387947136,64.4716377609994,66.8188500735098,62.2831641184591,66.834041606826,57.0878596035991,49.632435316313,62.1238977517532,57.6590829277979,65.0159849917054,63.3565018638534,68.629313167836,63.8039977668033,66.8446622079151,63.0974153101783,59.4726072116716
67.4681158257242,61.5022900113648,55.8647859151331,62.7481877250435,65.8087965460433,53.3985983189386,63.2911858337906,64.447917370706,64.058704670203,61.7047446704309,68.9786495134588,53.0466340001129,65.4550147444209,53.3635069793561,63.8431183403259,64.5240325603995,64.4716377609994,67.0758828398667,62.3508468499124,66.834041606826,57.2045365549522,49.632435316313,62.7288992447805,57.6619088140412,65.0245096578715,63.4374215981629,68.7587057721512,63.9045160020464,67.1313136155688,63.1364949358583,59.5365095401401
67.5298625243696,64.0566583850315,55.9362878568707,62.9182015866205,65.8087965460433,56.8438670991359,63.4048970010634,64.5999376982217,64.3612623465702,61.8774449077544,69.0553147356109,53.1497489961708,65.5615554661554,53.6631682636305,64.1658197555194,64.5240325603995,64.7849149523089,67.7749570911247,62.8216919302103,66.9940383081791,57.291575394255,49.7988696874465,63.1074522717492,57.877764612929,65.0513988524371,63.4374215981629,68.7587057721512,64.0967400339032,67.1313136155688,63.4948120631137,59.5649852697101
67.5323264494496,64.8900231594913,56.0113585626135,62.9544130521269,66.5300479330727,56.8438670991359,63.4048970010634,64.7131282949638,64.3612623465702,62.5600329217054,69.0605836426822,53.1497489961708,65.7573479091304,53.8563883727694,64.1658197555194,64.7574109158672,64.9454328789972,67.7749570911247,62.8507601470839,66.9940383081791,57.291575394255,49.9254463096971,63.1074522717492,57.877764612929,65.141390179898,63.4908008418408,68.7973343323546,64.2402295469849,67.2234284833632,63.4948120631137,59.5649852697101
67.7286880554427,65.8740759561974,56.0614261347773,63.149448940952,66.7882052948441,56.8438670991359,63.6561099514741,65.0765267414594,64.3612623465702,62.7501853404446,69.1548766339734,53.1497489961708,66.0124272993064,53.8563883727694,64.3847290817176,64.9303537386615,65.2365057630543,67.7749570911247,62.9840046467527,66.9940383081791,57.3105667438361,49.9878459674471,64.3873379411323,58.0502243798913,65.1527246123379,63.5511982657615,68.8239750259534,64.2402295469849,67.3771481767567,63.6495995757079,59.5649852697101
67.7286880554427,65.9400086870105,56.1496072470133,63.3158521094457,67.0188830283669,56.8438670991359,63.6561099514741,65.0765267414594,64.3612623465702,62.7501853404446,69.1548766339734,53.1497489961708,66.3576085041524,54.2418867415753,64.3847290817176,64.9303537386615,65.4650307684543,67.8827662911483,62.9895467338613,67.0865693843624,57.5472981730318,50.1424160634318,64.3873379411323,58.0502243798913,65.1527246123379,63.7149095477719,68.8239750259534,64.3238488098437,67.4293649350168,63.7919074962117,59.7066875110827
67.768695528355,66.2030897598458,56.1496072470133,63.3158521094457,67.0188830283669,56.8438670991359,63.8308563202743,65.2270534802495,64.3612623465702,62.9036558955563,69.3286469541043,53.2051107090276,67.0188991505676,54.2418867415753,64.737894682847,64.9730344040077,65.493560041556,67.9818071862522,62.9895467338613,67.2135727473087,57.5472981730318,50.3639287818422,64.3873379411323,58.1051161440265,65.1765017350109,63.7917671484094,68.8312616603906,64.3832795228886,67.4832908442722,64.7393722182965,59.7438720149347
67.8496719063927,66.2030897598458,56.2035409069462,63.5332569999204,67.0477136926678,61.1408214806951,64.156078829604,65.2270534802495,64.3612623465702,63.530853250191,69.3286469541043,53.2051107090276,67.0188991505676,54.2418867415753,64.8780237497333,65.2051450845431,65.5470973959058,67.9818071862522,63.2477215166243,67.2396109820407,57.5610359008664,50.3639287818422,64.3873379411323,58.239291780785,65.3007975479652,63.7917671484094,68.8312616603906,64.3832795228886,67.6073990266395,65.5314220521196,59.7438720149347
67.8496719063927,66.5818991400083,56.2619060088918,63.5585001981401,67.0477136926678,61.1408214806951,64.156078829604,65.500264904165,64.3796417608598,63.8385213258005,69.3505962588304,53.2051107090276,67.0188991505676,54.6300374031135,64.8780237497333,65.2051450845431,65.6364373526639,68.0941745912631,63.3521234019513,67.2396109820407,57.5909116253237,52.4584509585804,64.3873379411323,58.239291780785,65.3007975479652,63.7917671484094,68.8811637071421,64.3832795228886,67.7630890938642,65.5314220521196,60.029224570983
68.1036024798029,66.5818991400083,56.2628455997572,63.5812820281551,67.0952029745042,61.1408214806951,64.2507879450059,65.6479411681929,64.4514938951833,64.0368394538434,69.4258613975607,53.2876759706101,67.0188991505676,54.6300374031135,64.8780237497333,65.2051450845431,65.711692356664,68.0941745912631,63.471599782461,67.3353602886236,57.6010197371735,52.4584509585804,64.4700842533026,58.239291780785,65.4209853928263,63.8316557679786,68.8811637071421,64.3973473821612,67.7630890938642,65.5314220521196,60.029224570983
68.1853739224184,66.7813403537579,56.2980867630458,63.5812820281551,67.2300368340075,61.5663931861656,64.2507879450059,65.6479411681929,64.4514938951833,64.8225938301348,69.4906339169165,53.2876759706101,67.0188991505676,55.9303004891422,64.8780237497333,65.3368342125595,65.8722970698847,68.2247121034764,63.5289770664271,67.3828555511788,57.6010197371735,53.9174857904972,64.6082731532797,58.3809597754291,65.4743238068696,63.8952521071193,68.8811637071421,64.4399111543734,67.8129206409931,65.8916668902785,60.029224570983
68.4614726734385,67.014837695981,56.3142153720937,63.5812820281551,67.5832247352708,61.5663931861656,64.5276901542146,65.6479411681929,64.5035853652354,64.9492005741329,69.4906339169165,53.431877265919,67.0188991505676,56.132216366862,64.9831737007694,65.3368342125595,65.8731720347332,68.2247121034764,63.5289770664271,67.4031038602456,57.6080652749572,54.6099561024673,64.9449497556191,58.7028145465545,65.5388225268975,64.0429088532432,68.9149081692936,64.4612667418008,67.8525401871257,65.919950922318,60.2122297641177
68.4725289060289,67.202597394769,56.3248522846983,63.6135463773477,67.5832247352708,61.5663931861656,64.5276901542146,65.6479411681929,64.6846175756692,65.1421239276807,69.515028183293,53.5138692303884,67.1585159259636,57.4681213926661,64.9831737007694,65.5388858746386,65.8830219989111,68.2247121034764,63.5798135728124,67.436873807162,57.6129963092764,54.6099561024673,65.4031693526778,58.7028145465545,65.5535276063082,64.0429088532432,68.9171834143584,64.4612667418008,67.8525401871257,66.0831612329354,60.2122297641177
68.4725289060289,67.4338463364286,56.345202230527,63.6135463773477,67.6524558998254,62.2895753938608,64.6930860594381,65.891670668868,64.918102780502,65.1421239276807,69.5771721900685,53.5138692303884,67.1585159259636,57.4681213926661,65.0139051048426,65.6118745749215,65.8830219989111,68.2247121034764,63.5798135728124,67.436873807162,58.4073432392015,55.1552439436815,65.4031693526778,58.8648068153094,65.5535276063082,64.1396963669624,68.9583450817175,64.4612667418008,67.8525401871257,66.0831612329354,60.3087512281333
68.4725289060289,67.5025958414534,56.3504928472099,63.6135463773477,67.6546645344676,62.2895753938608,64.9183094517033,65.891670668868,64.9247300833153,65.3215187679075,69.6286878756689,53.5790565069334,67.2679292171026,59.0282874197173,65.0244338945754,65.6585372102326,65.9438137217902,68.2247121034764,63.6237853595683,67.436873807162,58.4073432392015,55.1552439436815,65.8751018965419,59.0898069965542,65.6346437743889,64.1461535342104,68.9758762902407,64.4746309137506,67.8852943757708,66.1089760995756,60.3087512281333
68.5112892764572,67.5025958414534,56.3769424648693,63.6135463773477,67.7909871083973,62.2895753938608,64.9183094517033,65.891670668868,64.9247300833153,65.5361194061665,69.6379231097815,53.7868209054943,67.3367091175597,60.5109733956036,65.0244338945754,65.6585372102326,66.0545377352691,68.2247121034764,63.64346060734,67.436873807162,58.4073432392015,55.1552439436815,65.8751018965419,59.1665683529322,65.6346437743889,64.1803693603542,68.9851447694526,64.5176467220801,67.9779402362626,66.3279583248425,60.3087512281333
68.5112892764572,67.5802888580799,56.3769424648693,63.6135463773477,67.8209475912679,62.3239662083629,64.9183094517033,66.1935822741945,65.0438836096446,65.5709950038956,69.6545137848962,53.9859479950056,67.4816887277529,60.5109733956036,65.0729911464197,65.8100776724708,66.1617659857593,68.4103603664906,63.7229670632451,67.479969837098,58.9301048174162,55.5526429231624,65.8751018965419,59.1665683529322,65.6346437743889,64.2058914648759,69.0188432209365,64.5673790945149,68.0209419288025,66.3279583248425,60.3604291130906
68.5682857223897,67.7927129949101,56.3825874017996,63.6223446256553,68.0021596482952,63.5399184143513,64.9521704902978,66.2398397923332,65.0438836096446,65.5790260953777,69.6747006296184,54.1396328582132,67.4939482742845,61.8823468902439,65.0770786737525,65.8100776724708,66.1994518168623,69.0807077622768,63.7496420958109,67.5110089389368,58.9301048174162,55.5526429231624,65.8751018965419,59.1665683529322,65.6346437743889,64.2571431224594,69.0188432209365,64.6841577118559,68.0484944443905,66.3777385678878,60.4848423183319
68.5682857223897,67.8472907609975,56.4051120361444,63.7505785697951,68.053106891059,63.5399184143513,64.9632788038234,66.3575539387878,65.0599772855022,65.6155179697672,69.6898618494077,54.1883028644883,67.4939482742845,61.8823468902439,65.077401164804,66.1563772469197,66.2973532748438,69.0807077622768,63.7829200642837,67.5110089389368,58.9301048174162,57.0886334250995,66.0827662129231,59.1665683529322,65.6816551915067,64.257348239331,69.0197662148995,64.6841577118559,68.0484944443905,66.4672241691294,60.4876764674277
68.6256538454736,67.8472907609975,56.4062587102548,63.82912106698,68.053106891059,65.3519389222254,64.9632788038234,66.4269320052784,65.1983977536077,65.927889051464,69.726362367567,54.5330488762642,67.4939482742845,63.2280785634647,65.077401164804,66.1563772469197,66.2973532748438,69.0807077622768,63.8145649898933,67.5434950368291,58.9721801724442,57.7145023669216,66.0827662129231,59.2377901957468,65.7310182635686,64.3144787566235,69.049289133666,64.6841577118559,68.0484944443905,66.535585126201,60.5357705175401
68.6256538454736,67.9275532456503,56.4176259417025,63.834410729655,68.2509032405959,65.3519389222254,64.9632788038234,66.4269320052784,65.3325281254033,65.927889051464,69.726362367567,54.5330488762642,67.5061038002102,63.2280785634647,65.077401164804,66.1563772469197,66.2973532748438,69.1087462967219,63.8586736426161,67.544320937128,59.2515795250841,57.7145023669216,66.7438718486641,59.3349619714334,65.7310182635686,64.338788807998,69.0513241096012,64.6841577118559,68.0679391604133,66.6011465264104,60.5947908301024
68.6331014615403,67.9744961760002,56.4185641370311,63.8372074813444,68.2509032405959,65.3519389222254,65.0119716501458,66.4952037166875,65.3325281254033,65.952045307147,69.7600749773851,54.5330488762642,67.5463629835953,64.1614850624682,65.077401164804,66.1563772469197,66.3008539973626,69.2592363102898,63.8586736426161,67.5662726070714,59.6426378217566,57.7145023669216,66.7438718486641,59.3349619714334,65.7572121625992,64.3662560158041,69.0661158428152,64.6841577118559,68.0955365808932,66.6765000399548,60.6704226431497
68.7242837151962,67.9744961760002,56.4185641370311,63.8372074813444,68.2875249531674,65.6318774370303,65.0165455669825,66.5836776348901,65.3325281254033,65.952045307147,69.7600749773851,54.5855659983862,67.719470262687,64.3994350767923,65.0889717758155,66.2011430452101,66.3330112155068,69.2592363102898,63.8971748728928,67.5684670188819,59.6426378217566,57.7145023669216,66.7438718486641,59.3349619714334,65.7874066486916,64.3662560158041,69.0803032916722,64.6937111170543,68.1250288779455,66.6765000399548,60.6704226431497
68.7242837151962,68.1037118396554,56.4203452402387,63.8894398577153,68.2875249531674,65.6318774370303,65.0945071850018,66.6418102321991,65.3325281254033,66.2460688325496,69.7600749773851,54.5855659983862,67.779853967355,65.3593440990875,65.1009160907706,66.2011430452101,66.4194796921639,69.2592363102898,63.8971748728928,67.6424228634149,59.6966632356832,57.7145023669216,66.7438718486641,59.3349619714334,65.7874066486916,64.3662560158041,69.0859068809206,64.6968110053475,68.1357120738399,66.9036097237193,60.6978051490342
68.7551592212916,68.1496720778175,56.428041389447,63.8894398577153,68.2875249531674,65.85259570423,65.0945071850018,66.6688936549113,65.3465095776537,66.2460688325496,69.7632943515133,54.5855659983862,67.8011310116791,65.8029073334708,65.1197978783593,66.2408130583502,66.4392713420263,69.2592363102898,63.9319370591325,67.684040765033,59.9264183559346,57.7145023669216,67.2647516143346,59.3349619714334,65.8033312609573,64.3662560158041,69.095093044358,64.713974250811,68.1374554610038,67.0277907337583,60.7518432540214
68.7816790108647,68.1747418123618,56.4289877731557,63.9181250008996,68.2875249531674,66.3860414269169,65.0966537820749,66.6688936549113,65.3465095776537,66.304289598953,69.7689882093039,54.5855659983862,67.8031809155533,65.8029073334708,65.1435583227252,66.3344134327593,66.4392713420263,69.2592363102898,63.9506464492374,67.6917317435533,60.1507200977365,57.7145023669216,67.2647516143346,59.36396881983,65.8042049832435,64.3676267961411,69.1029845037508,64.713974250811,68.1374554610038,67.0368842537021,60.7518432540214
68.8010782377064,68.2088195959251,56.4289877731557,63.9267390034391,68.2875249531674,66.4665601105007,65.158917525054,66.6714425193048,65.3465095776537,66.304289598953,69.7735364794973,54.6266913622707,67.8743663082939,65.8029073334708,65.1682247874631,66.3344134327593,66.4564429901126,69.2592363102898,63.97387005303,67.7095919895195,61.0743015443547,58.7431592983621,67.2647516143346,59.36396881983,65.8152802278976,64.3815619948198,69.1029845037508,64.713974250811,68.1425740921261,67.0368842537021,60.7518432540214
68.8010782377064,68.3192411405453,56.4419465020473,63.9267390034391,68.2875249531674,66.4665601105007,65.158917525054,66.6962574021102,65.3465095776537,66.304289598953,69.7772019966131,54.6266913622707,67.8743663082939,65.8029073334708,65.2057764531707,66.3344134327593,66.4564429901126,69.2592363102898,63.97387005303,67.712810974856,61.9200890402347,58.7431592983621,67.3746728656743,59.36396881983,65.8161069333675,64.3920137777898,69.1029845037508,64.753671102674,68.1734257127241,67.0539283082403,60.7518432540214
68.8010782377064,68.3192411405453,56.4435793506192,63.937666156169,68.4797582121067,66.4665601105007,65.1970509226555,66.6962574021102,65.3465095776537,66.304289598953,69.7772019966131,54.7223026532415,67.8743663082939,65.8029073334708,65.2057764531707,66.3500478494056,66.4759272027225,69.2592363102898,63.97387005303,67.7308464558151,61.9736425376293,58.7431592983621,67.3746728656743,59.398103001512,65.8161069333675,64.3920137777898,69.1029845037508,64.7608497369686,68.1734257127241,67.0539283082403,60.8024056291065
68.8093809246125,68.3877245004889,56.4477159939999,63.9754532119951,68.4797582121067,66.4665601105007,65.1970509226555,66.6969651227135,65.3779598268038,66.304289598953,69.7772019966131,54.7223026532415,67.8743663082939,66.009562288491,65.2057764531707,66.3774419541163,66.4759272027225,69.3529276084294,63.97387005303,67.7426913154859,62.3241240288262,58.7431592983621,67.4651350531629,59.398103001512,65.8248359526527,64.3920137777898,69.10447111067,64.7608497369686,68.1941431108157,67.0571659764923,60.8185260676821
68.8306556279318,68.4276507672523,56.4511986510577,64.0271607179332,68.4797582121067,66.4775246218393,65.2003938304014,66.6969651227135,65.382407359025,66.304289598953,69.7813923069633,54.7223026532415,67.8798165755089,66.3832187271704,65.2057764531707,66.3774419541163,66.4759272027225,69.3529276084294,64.0321778576296,67.7550845511341,62.442888825346,58.7431592983621,67.6311361949365,59.4098346037923,65.8270932689496,64.3988966536013,69.10447111067,64.7608497369686,68.1971884073593,67.0571659764923,60.8245917499762
68.8306556279318,68.4537342968228,56.4559097532335,64.0271607179332,68.4797582121067,66.7387567885774,65.2003938304014,66.7148592921146,65.4162170326729,66.3104981990919,69.7875706640091,54.7223026532415,67.9198811312715,66.3832187271704,65.2375957699544,66.3774419541163,66.4824754318821,69.3565306378199,64.0321778576296,67.7550845511341,62.6661735266952,58.7431592983621,67.7213350887756,59.4098346037923,65.8487023027711,64.3988966536013,69.1045915019938,64.7608497369686,68.2126798123639,67.1048613795303,60.8290831458524
68.8306556279318,68.4537342968228,56.4559806582412,64.0397022601975,68.5250296592265,67.0172782954126,65.2003938304014,66.7148592921146,65.4318839813166,66.6705736319716,69.7887894915503,54.7546057007721,67.9198811312715,66.3832187271704,65.243467781581,66.3774419541163,66.4903676416227,69.3618843410899,64.0945395417175,67.7593710352254,62.6661735266952,58.7431592983621,67.7454125697502,59.4098346037923,65.8581338644837,64.413207380942,69.1082975237142,64.7648824403602,68.2126798123639,67.1048613795303,60.858285486422
68.8306556279318,68.4537342968228,56.4559806582412,64.0397022601975,68.5250296592265,67.0172782954126,65.2093242842337,66.7225997119377,65.4318839813166,66.6705736319716,69.7925154557709,54.7546057007721,67.9295914609525,66.6734485085687,65.243467781581,66.3774419541163,66.4954969207975,69.3618843410899,64.0945395417175,67.770299003746,62.6661735266952,60.3552700764959,67.8442477743971,59.4098346037923,65.8751487293829,64.415678434931,69.1082975237142,64.7648824403602,68.2126798123639,67.1176564273178,60.858285486422
68.8335978295334,68.4680496553272,56.4609701009197,64.0608675074162,68.5558680058303,67.0252320768178,65.2093242842337,66.7748617266176,65.4928353765742,66.7339367127271,69.7925154557709,54.7849828450578,67.9295914609525,66.6734485085687,65.243467781581,66.3994860090423,66.4956663935034,69.3768762009061,64.1136923816078,67.782529687239,62.8718940397317,60.3552700764959,67.9565571908494,59.4098346037923,65.8751487293829,64.415678434931,69.1082975237142,64.765932091781,68.2126798123639,67.1287025812362,60.866634531391
31.8050435359362,35.8755287600228,50.1201458629306,35.9223417322816,45.5977327012174,17.2880583070895,49.0642452964602,53.8748322733849,24.2374855220428,26.9008231291532,49.3100221566633,24.4812382384065,42.8214971611852,30.8307503502625,62.1591351603267,58.345743452906,40.4545204342501,45.2142710258747,28.9450908642577,41.738754757448,32.301771480011,42.966743972926,34.2017841814097,28.9436635575973,31.2048659720487,18.5832013605556,35.4617060911073,29.406540193598,20.9150347943441,51.6414889065583,36.142186515678
52.0291018111931,51.9364961229948,50.1969824902701,56.4199238679052,55.8456079950041,56.9788722670501,63.5154124306685,55.7334964617961,51.4655205059406,53.9406940090855,51.5179239639619,46.4892281236758,55.8854658088834,55.5879664248553,62.301488345621,58.7143006001874,57.8323850867897,55.0309131626641,55.3602033603803,48.8443672162187,64.4363312341577,55.1155162705737,60.4547287524035,49.4574718011877,61.2422134530617,58.9482473421274,48.236492410182,41.8736457427693,57.1033435182521,52.0028085363449,60.4082990006695
53.6098776418069,54.5076908810507,50.3691670612238,57.0532277387384,56.7201664733836,58.4052532985104,63.7093625121681,56.457673770988,51.9398088596533,56.9027221059358,52.4560258691739,46.4892281236758,57.8707535760632,56.863661433195,62.4059986776896,60.106843457067,59.4756306442292,55.0995279908531,55.6955343567823,48.9050273990017,64.8406841849377,55.1155162705737,60.6583492850257,49.8956824317643,61.3349869236675,59.5064247682039,48.6442453277186,42.4464877629032,57.3989279834258,54.0379805536086,60.7924180444875
54.2269759899325,56.9869229865624,50.5819447760205,59.554226937487,59.0091128789133,59.3976859837146,63.874156312673,57.8757325545512,54.0153610904913,59.71913417911,53.798338307466,46.4892281236758,58.3458309568083,58.4075121534549,64.1055010844852,60.8065753887009,59.4855169177276,55.5020534747567,55.8684252692231,49.6528293113044,65.1212350088094,57.4093941168979,60.6583492850257,50.4455234315607,61.5937778771597,63.104808510952,49.5560523956056,42.8660835670126,58.0041557885373,55.7943696500483,63.6997536396836
56.1275424108255,56.9869229865624,51.7009008723027,62.0768827269906,61.5064768813059,60.5545441434643,65.5042260676349,58.1130914211347,54.1571842514171,59.71913417911,54.2835794111768,46.4892281236758,58.8396631846474,58.4075121534549,64.2328641766573,61.9294406704889,59.4855169177276,56.1327425697227,56.4155987080657,51.162695258167,65.4195357499948,57.5365003486927,60.7901837630255,52.6464622940563,62.4296358746965,63.104808510952,50.3712806728654,45.557092220344,60.2625666964892,57.2143208866864,65.9417914613397
57.7417654000797,58.2216554767529,52.1507065470536,62.0768827269906,61.5064768813059,60.9930498699532,65.5042260676349,58.6995896575754,55.0104369579573,59.7598723899957,54.6547416428093,46.4892281236758,59.4310503795007,59.153356042695,64.4711677139849,61.9294406704889,60.2392290474746,56.4214961751765,56.5653512539466,51.162695258167,65.8907334221928,57.6315464323219,61.3168243557317,52.9681116961666,62.5768738477076,63.3240402901758,51.2774432113526,47.0389202901107,62.48668465302,59.0697313637762,65.9417914613397
58.6953844525736,58.2216554767529,53.6352148012884,62.968696868043,61.9042622167273,61.4414575372111,65.8920364220925,59.3287968286967,55.0104369579573,60.1893050569474,54.9837255639257,47.223554800834,59.6798752267242,59.8271547093131,64.838864174104,63.7467777620965,60.6707447864534,57.1524473044935,56.8060280300378,51.162695258167,65.8907334221928,57.6315464323219,61.8345633752287,52.9681116961666,64.7996854047328,64.0990180861025,52.5946114653425,47.1695190747286,63.1150453038223,59.0697313637762,67.3928748422324
58.7451791256928,58.2216554767529,53.9809241724365,63.3728612890681,62.6649990592093,61.4414575372111,65.8920364220925,60.0275811582473,55.9944858795584,63.8640656301868,55.0708621815893,47.4662055473952,59.7019911150797,59.8271547093131,65.1967731433553,64.1463745886304,60.7222567228003,57.2429145776473,56.8239164592955,51.5374877907156,66.7668206628339,57.6315464323219,62.6655612017929,53.1757458222849,64.9827925674404,64.6347404919186,52.6712969961677,47.8191236984961,63.3271911480587,59.7229069520751,67.3956709282617
61.0798782768572,58.2216554767529,57.2618478611294,63.6390725347751,63.2323712829021,63.5707712974193,66.2272019204443,60.9249654356227,58.3453432742789,65.2509083426592,55.7054821389999,47.9090313220111,61.1404113664123,60.0071255562498,65.3653440888755,64.1463745886304,61.1450410051239,57.4587197631857,57.1487594924169,52.7074609664825,66.7668206628339,57.6315464323219,62.6655612017929,53.2053211066933,64.9827925674404,65.1792370087867,53.1245532867052,47.8191236984961,63.3860370152107,60.2132039812158,67.3956709282617
61.0798782768572,58.2216554767529,57.2618478611294,64.0210196814081,63.6787477661657,64.0752911060952,66.9668644324187,61.9836712200794,59.8082048040436,65.2509083426592,55.7054821389999,48.9692491700215,61.1404113664123,60.3781728614653,65.3653440888755,65.4715623072535,61.2382676255131,57.4747519071663,57.4733107016188,52.7594657814398,67.2599070392864,57.6315464323219,62.6655612017929,53.4052557438378,65.5230518959477,65.5382540753643,54.1028680535054,47.8191236984961,63.3860370152107,62.7562368354418,67.3956709282617
61.7527833650031,60.4335497014782,57.2618478611294,64.2322916226031,64.2400492262983,64.0752911060952,67.0905917069484,62.8800099004425,61.1857280732418,65.5055421745082,56.4212452534014,49.372062866041,61.1404113664123,61.1330717366918,66.1821962631733,65.9804183843762,61.7297955746499,58.2563032020869,58.3854354413171,52.7594657814398,67.2599070392864,57.6315464323219,62.676228354893,53.4052557438378,66.1784466213232,65.8062025567943,54.1028680535054,48.3253780684989,63.8273354059042,63.7289896432471,67.5907256792486
61.7527833650031,60.4335497014782,57.2618478611294,64.4400318628981,64.2400492262983,64.0752911060952,67.3754115603091,62.9153480449191,61.3250134522737,65.5795922170823,57.1134433442266,49.372062866041,61.1404113664123,61.3396148290966,66.1821962631733,65.9804183843762,62.1545448093197,58.2563032020869,58.6145669820736,52.7874507344545,67.2599070392864,57.6315464323219,62.676228354893,53.4052557438378,66.5169188691083,66.4643020513106,54.5441211286098,48.3253780684989,63.8273354059042,63.7289896432471,67.5907256792486
63.0753967044814,61.8032381492169,57.2618478611294,64.4400318628981,65.4956751531408,65.7484278893884,67.3754115603091,63.0456206217703,62.5333243978777,66.892412351067,57.1134433442266,49.6364839104899,61.2111221449424,61.6319712942706,66.3228494565953,66.3261452005249,62.3653813799469,58.2563032020869,58.6545887129737,53.3950415655896,67.4043097563243,57.6315464323219,62.676228354893,53.5730689641558,66.8583623161118,66.504211600935,55.0287134320163,49.1895896276271,63.9032796495963,65.8588980947424,67.8496871915202
63.2772835497616,61.8913822454779,58.2976490487877,64.5533536418705,65.4956751531408,65.7484278893884,67.5953434493214,63.0731698297628,62.9920955052693,66.892412351067,57.3490746202344,49.6364839104899,61.3990649792718,62.5991059801517,66.3228494565953,66.3480692865077,62.3653813799469,58.7406670140797,58.6545887129737,53.6980338359556,67.4043097563243,57.6315464323219,62.9764868293038,53.6281486741051,67.1148242555071,66.920799731433,55.1068661362213,49.8487761744094,63.9487010625666,65.8588980947424,68.0530506189269
63.2772835497616,61.8913822454779,58.2976490487877,65.3166955227031,65.4956751531408,65.7484278893884,67.5953434493214,63.4539859395317,62.9920955052693,67.4233876938689,57.6562908578205,49.6364839104899,61.4634350745006,62.6135659729219,66.3228494565953,66.5109079430728,62.3653813799469,58.7406670140797,58.6545887129737,53.6980338359556,67.4465138068288,57.6315464323219,63.0555265631074,53.6281486741051,67.2507741461738,67.2791254419847,55.1068661362213,50.1033624491518,64.7757671218507,66.20967596992,68.0530506189269
65.4296995740684,62.0863057767288,59.0656624800495,65.3166955227031,65.4956751531408,65.7484278893884,67.5953434493214,63.5132969889286,63.085865896967,67.4233876938689,57.9864851961404,49.9162870991712,61.6631831223545,62.6135659729219,66.4831528572093,66.7545669370799,63.9939629790325,58.7406670140797,58.6545887129737,53.9768180567596,67.5608946874062,57.6315464323219,63.0555265631074,53.6281486741051,67.778595042452,67.2791254419847,55.807976369809,50.1033624491518,64.9149187505851,66.9064265584529,68.0530506189269
66.272931291594,62.4773726380154,59.2538441082439,65.3166955227031,65.8920958672226,65.7484278893884,67.5953434493214,63.8735210107149,63.6131703020734,67.4233876938689,57.9864851961404,49.9162870991712,61.6631831223545,63.2584789437314,66.4831528572093,67.1997833554262,63.9939629790325,58.7406670140797,58.8403060389571,54.099502383935,67.9214358368509,57.6315464323219,63.1913854671882,53.6913772918962,68.0688991511468,67.366450454669,55.9526335755151,50.1336637410177,65.4491494818908,66.9064265584529,68.0530506189269
67.1355077255344,62.4773726380154,59.2538441082439,65.3166955227031,65.9616589160245,66.1587410767662,67.5953434493214,64.4189820752792,63.6131703020734,67.4233876938689,58.1477911721787,49.9162870991712,61.6631831223545,63.5389866334808,66.4831528572093,67.1997833554262,63.9939629790325,58.7414645299168,58.8403060389571,54.1424460557631,67.9702511069229,57.6315464323219,63.5187867051989,53.6913772918962,68.0688991511468,67.4168346634974,56.2084797712044,50.1841970317048,65.640209307131,67.3952953765356,68.1387563708443
67.9235413227246,62.7605941841137,59.2538441082439,65.3262875194756,66.0855932990792,66.1587410767662,67.5953434493214,64.4189820752792,63.6131703020734,67.4604463925624,58.350356602159,50.0581005376265,61.8110257855905,63.6050177457022,66.4831528572093,67.5086321449036,64.4609829008306,58.7414645299168,58.8906067937282,54.3916927711575,68.1995446068782,57.6315464323219,63.6186619823185,54.1889870367875,68.1798327104567,67.7134436386714,56.3545723179599,50.2623422622872,65.640209307131,67.4579755740835,68.1723852818821
67.9235413227246,63.2425171129627,59.2707316016107,65.3262875194756,66.5986073613887,66.1587410767662,67.5953434493214,64.4189820752792,64.303948539108,67.4904059682322,58.350356602159,50.6635003438569,61.8120035226296,63.6050177457022,66.4831528572093,67.6212779436671,64.4609829008306,58.7930986450174,59.2173748634051,54.8759317922781,68.277049072466,57.6315464323219,64.1836169077794,54.1943010429373,68.2651849600222,67.7134436386714,56.6229388724048,50.4204064506431,65.659955798719,67.5833703461584,68.176418839962
67.9235413227246,63.6508275953926,59.4093631144267,65.399117894838,66.5986073613887,66.1587410767662,67.5953434493214,64.4391639887126,64.303948539108,67.7974235342343,58.4895141550637,50.6635003438569,61.9087197027005,63.6656885866356,66.4831528572093,67.6919205981794,64.4609829008306,58.8887713784773,59.2173748634051,55.4478642995454,68.277049072466,57.6315464323219,64.1836169077794,54.5555852321158,68.2651849600222,67.890110792904,56.8557927797792,50.6926982421501,65.8669005309543,67.8881892590774,68.176418839962
67.9235413227246,63.7349757364409,59.4093631144267,65.399117894838,66.5986073613887,67.3318043175102,67.6253728948397,64.5437542831365,64.303948539108,67.9332660879658,58.4895141550637,50.6635003438569,61.9087197027005,63.7800318009053,66.5317030372294,67.7241607319161,64.9016926349533,59.028224794921,59.4279170588287,55.4478642995454,68.5396596655501,57.6315464323219,64.1836169077794,55.6602244379747,68.3493701605857,67.890110792904,56.8557927797792,51.1434637795052,65.8820775979135,68.0129158275949,68.2428822620318
67.9799697158585,63.8713120255077,59.8802586303573,65.5827550471763,66.5986073613887,67.3318043175102,67.8520905884947,64.5437542831365,64.303948539108,67.9332660879658,58.6830244975337,50.6635003438569,61.9087197027005,64.0298906163602,66.5317030372294,68.1438704997759,64.9016926349533,59.7465563149423,59.4279170588287,55.4478642995454,68.6155301641663,57.6315464323219,64.3153283655855,56.0012636114521,68.3887826749522,67.9076697468816,56.8557927797792,51.2434056722486,66.2345846395904,68.1583249603003,68.2825630071628
68.021894110923,63.9575157552646,59.9180354515826,65.5827550471763,66.5986073613887,67.5869302389013,67.9160117187274,64.6115144186912,64.303948539108,67.9499128630905,58.76027510339,50.9166047745014,61.9087197027005,64.4067001118234,66.5317030372294,68.2221139187466,65.2982211971105,60.1627547315682,59.4279170588287,55.4478642995454,68.6155301641663,57.6315464323219,64.3631880016359,56.0012636114521,68.3887826749522,68.0489748616679,56.8557927797792,51.2434056722486,66.4004699408056,68.2530223836981,68.402938529939
68.021894110923,63.9575157552646,60.0708614696914,65.7253607196025,66.74276962933,68.0062929144202,68.0278890526569,64.6115144186912,64.3616025950092,67.9499128630905,58.76027510339,50.9166047745014,61.9323309864576,64.4067001118234,66.5367906047998,68.6236366486447,65.2982211971105,60.1627547315682,59.5207385740982,55.4478642995454,68.6155301641663,57.6315464323219,64.4596454360729,56.0433404548272,68.4630613758276,68.1274124890007,56.858111068588,51.4254402977876,66.4004699408056,68.3068522970037,68.4630959869397
68.3242821123228,64.0145157855971,60.0708614696914,65.9744093142798,66.9123075283363,68.3140520235556,68.0278890526569,64.6775239386059,64.6963868024956,67.9499128630905,58.8349249846891,50.9166047745014,61.9472529403138,64.4067001118234,66.5367906047998,68.6332130025025,65.2982211971105,60.1627547315682,59.5207385740982,55.4478642995454,68.6710742221988,57.6315464323219,64.544261694808,57.0958677408799,68.6665211059717,68.1274124890007,57.1066228462486,51.4727687009462,66.4292509959887,68.4921405301802,68.5120528574956
68.3591117023717,64.0145157855971,60.0708614696914,65.9744093142798,67.1033772684091,68.3140520235556,68.0278890526569,64.6986423624842,64.7504876234304,68.0820561768281,58.8349249846891,52.0987966544475,61.9970509463178,64.7147308136611,66.9017478022512,68.8168559072198,65.2982211971105,60.2797280155784,59.5207385740982,55.5288710137467,68.6882499511166,57.6315464323219,64.6043453279382,58.5470590192071,68.749526910318,68.2024417392525,57.1066228462486,51.5429876787788,66.4292509959887,68.6007361681714,68.5120528574956
68.3591117023717,64.0785654355342,60.0708614696914,65.9744093142798,67.1233789854485,68.3140520235556,68.0278890526569,64.7552105133934,65.3145905195633,68.0820561768281,58.8349249846891,52.2673766299221,62.0163355002753,64.7147308136611,66.9573704631814,68.8168559072198,65.3917272924941,60.4211243525091,59.6924313526445,55.5288710137467,68.6882499511166,57.7048473328175,64.6866812590504,58.5470590192071,68.749526910318,68.2025143198464,57.4524796942689,51.6452283801197,66.5167225947692,68.6007361681714,69.0007642092656
68.3759580325148,64.0785654355342,60.343021103629,65.9744093142798,67.1551187032342,68.4545654919247,68.0278890526569,64.820522124071,65.3145905195633,68.1060544925806,58.8349249846891,52.2673766299221,62.0163355002753,64.7147308136611,66.9573704631814,68.9354391294237,65.3917272924941,60.4211243525091,60.6668025274426,55.5288710137467,68.7834314507266,57.7048473328175,64.8532248046017,59.3419155883271,68.749526910318,68.2025143198464,57.4620805494997,51.8260412944287,66.5167225947692,68.6007361681714,69.1270463802536
68.5238138541163,64.0785654355342,60.343021103629,65.9744093142798,67.1971099659828,68.4545654919247,68.0858270850079,64.820522124071,65.3145905195633,68.1983293292992,58.8996595752319,52.3916587018485,62.0500559273969,64.7147308136611,66.9573704631814,68.9354391294237,65.6457581452531,60.4431138072545,60.9868200719406,56.1124689435676,68.8531323405376,57.9643951098217,64.8532248046017,59.3419155883271,68.749526910318,68.2370615665677,57.6499762397636,51.9457297818611,66.5167225947692,68.6007361681714,69.1773988569376
68.5296184659877,64.1383200775331,60.343021103629,66.8835092555438,67.1971099659828,68.4545654919247,68.1229233382426,64.8897455458046,65.3145905195633,68.1983293292992,58.8996595752319,52.3916587018485,62.0623379136037,64.7147308136611,66.9573704631814,68.9354391294237,65.6457581452531,60.4431138072545,62.5952682265426,56.2447984088738,68.8531323405376,57.9643951098217,64.8532248046017,59.3419155883271,68.9322827260788,68.2370615665677,57.6499762397636,51.9457297818611,66.7155889779892,68.6007361681714,69.1773988569376
68.5296184659877,64.1383200775331,60.3542431481314,66.8835092555438,67.1971099659828,68.5039228736745,68.245594098937,64.901596721811,65.3297750401559,68.1983293292992,58.903004733741,52.3916587018485,62.0623379136037,64.7976169198463,67.0879306485633,68.9826505645052,65.7275053210755,60.4431138072545,63.0780373039398,56.5194172507025,68.8531323405376,57.9643951098217,64.8532248046017,59.3419155883271,69.0047771300461,68.2370615665677,57.6499762397636,51.9457297818611,66.7155889779892,68.604225065832,69.1773988569376
68.7580347804101,64.2309345273147,60.3673856035172,67.7679845531454,67.3515746196528,68.5178883739212,68.2888077374768,64.9708823760132,65.3297750401559,68.214132695779,58.9824246426695,52.3916587018485,62.1001882132533,64.7976169198463,67.1250112630184,68.9826505645052,65.7275053210755,60.5587421923107,63.0780373039398,56.5194172507025,68.9310409086836,57.9643951098217,64.8532248046017,59.8505601989878,69.0047771300461,68.2808769028259,57.8350626675992,52.0320426381674,66.8251746698087,68.7159030946072,69.1773988569376
68.7580347804101,64.2309345273147,60.4480175241753,67.7679845531454,67.3515746196528,68.5178883739212,68.3897647534932,64.9708823760132,65.3297750401559,68.2475558997725,59.0020701320586,52.5223658888016,62.1075617856905,64.7976169198463,67.1250112630184,69.0802990693787,65.7477633061364,60.608453079827,64.2185463721424,56.5194172507025,68.9310409086836,57.9643951098217,64.9659166555231,59.8505601989878,69.0047771300461,68.2808769028259,57.9199473186124,52.110102011189,66.8251746698087,68.7602060432124,69.1773988569376
68.7748550265582,64.2480337858566,60.561022305861,67.7679845531454,67.3515746196528,68.5258220696561,68.4890998235419,65.0277155536996,65.5336080507032,68.2702691178453,59.0458959565898,52.5223658888016,62.1075617856905,64.8675801840306,67.1250112630184,69.1642453684321,65.7477633061364,60.7069538278125,64.2185463721424,56.5194172507025,68.9693879084049,57.9643951098217,65.4624338132352,60.0608069600728,69.0047771300461,68.2856499390142,57.9199473186124,52.1899092552922,67.0561005691671,68.7602060432124,69.2164075561485
68.7748550265582,64.2786723740592,60.561022305861,67.998748952131,67.3515746196528,68.6273871203279,68.5920585700858,65.0277155536996,65.5336080507032,68.3474378607898,59.0458959565898,52.5223658888016,62.1080838893244,65.139787857014,67.1926103292194,69.18570605836,65.7477633061364,60.7069538278125,64.2185463721424,56.5194172507025,68.9693879084049,57.9643951098217,65.497154523344,60.6607356624868,69.0047771300461,68.3437415130469,57.9885739161765,52.2311350846478,67.0561005691671,68.7867915336662,69.2478493287149
68.7748550265582,64.2918048696736,60.5709246285069,67.998748952131,67.3515746196528,68.6273871203279,68.5920585700858,65.0277155536996,65.5336080507032,68.3474378607898,59.0694501091287,52.8617717432749,62.1500798347047,65.139787857014,67.4559494147572,69.18570605836,65.7477633061364,60.8526718119807,64.2185463721424,56.7624218859881,68.9693879084049,57.9852798506907,65.497154523344,60.6607356624868,69.0070478132119,68.3437415130469,58.0243219536546,52.3027603130418,67.1540333603913,68.8680028339041,69.3365976175897
68.7917018594347,64.3190730953585,60.7349864937663,67.998748952131,67.3632299971477,68.6679914734397,68.7442463056233,65.0347912443708,65.5336080507032,68.3656576544074,59.074772943031,52.9953054111032,62.1500798347047,65.3053163089754,67.4559494147572,69.2264164927103,66.0173192912021,60.8526718119807,64.3065987953609,56.7705068668918,68.9693879084049,58.1283637735112,65.6286546416025,60.6607356624868,69.0424582332218,68.3492680318639,58.1686673707714,52.3027603130418,67.1913334271423,68.8922178215216,69.3365976175897
68.8594828832371,64.346189244535,60.9998060075632,67.998748952131,67.3632299971477,68.7245211367661,68.7442463056233,65.0542151840517,65.5336080507032,68.4014768698197,59.078652306484,53.0376805685027,62.1549693502475,65.3466626347987,67.4783407439577,69.2271432945077,66.0645998110678,60.8526718119807,64.5104460716952,56.7769213795889,68.9693879084049,58.2275474354166,66.3399078494443,60.6607356624868,69.0768050486571,68.3543095615123,58.1686673707714,52.3027603130418,67.1913334271423,68.9144628311255,69.3575464499695
68.8983157025662,64.346189244535,61.1224467783271,67.998748952131,67.4256303590151,68.7579982737401,68.8321088446781,65.0542151840517,65.6075375944675,68.4119281612659,59.1068310745856,53.1336168065914,62.217182581952,65.3742350389362,67.4783407439577,69.3136825610896,66.0645998110678,60.8688652386719,64.846646921748,56.9194308699346,68.9693879084049,58.2275474354166,66.3399078494443,61.1724277971947,69.0825317262998,68.3957118519245,58.1686673707714,52.3027603130418,67.2341332498657,68.9144628311255,69.3575464499695
69.033695951216,64.3483336828361,61.1224467783271,67.998748952131,67.4256303590151,68.7579982737401,68.8321088446781,65.0542151840517,65.6075375944675,68.4119281612659,59.1381514359689,53.1336168065914,62.217182581952,65.5188798845023,67.5775405655951,69.3136825610896,66.0645998110678,60.89092794034,64.846646921748,56.9194308699346,69.0311995781858,58.534872950715,66.3399078494443,61.1724277971947,69.1154026826438,68.3957118519245,58.2479499069191,52.3472992819127,67.2341332498657,68.9235626202596,69.3575464499695
69.0758537858481,64.4124548093962,61.1224467783271,67.998748952131,67.6434508952761,68.8747125682039,68.8321088446781,65.0705858463459,65.6262984950744,68.4478821266563,59.1381514359689,53.1336168065914,62.2257644211842,65.5188798845023,67.5775405655951,69.3434442264677,66.0950377926024,60.9243530529352,65.1293516026125,56.9194308699346,69.0311995781858,58.6315533315933,66.3399078494443,61.1724277971947,69.1154026826438,68.4077840727574,58.2900976851787,52.3472992819127,67.2341332498657,68.9350054881715,69.3786424446779
69.1033553876232,64.4752007240659,61.18560484921,68.0471022875276,67.6434508952761,68.909644501544,68.8825589763147,65.086274992164,65.6456043049776,68.4478821266563,59.1921908575744,53.1937665304597,62.2257644211842,65.5523360458422,67.6059674045117,69.3872545576967,66.0950377926024,60.9243530529352,65.7918702569326,56.9833912514379,69.0447398749282,59.2608952524779,66.405353010801,61.1724277971947,69.1974788910205,68.4083976469033,58.3141785082801,52.3472992819127,67.2341332498657,68.9437322043966,69.3976311517119
69.1913537009178,64.4800793705461,61.18560484921,68.2354373305423,67.6434508952761,68.9371556480095,68.9563525863667,65.086274992164,65.6456043049776,68.463261830597,59.1991760405227,53.2603139607614,62.2269495611487,65.5523360458422,67.6059674045117,69.3872545576967,66.1005404285552,61.0028937425394,65.9046537564717,57.0652645814189,69.0447398749282,59.2608952524779,66.405353010801,61.1724277971947,69.1974788910205,68.4162244520624,58.3141785082801,52.3574190321273,67.2341332498657,69.0691784775267,69.3976311517119
69.2170815094355,64.5590817955996,61.2045079334937,68.3459396899064,67.6624915737493,68.9441310435097,69.0069875099424,65.086274992164,65.6456043049776,68.4854759926673,59.2249053877481,53.4250835509792,62.2358497490988,65.7392630733387,67.6456302976296,69.3978259988326,66.1005404285552,61.0450826090957,65.9046537564717,57.0652645814189,69.0447398749282,59.2635864372312,66.405353010801,61.1724277971947,69.2346045577576,68.421427349481,58.3141785082801,52.3741173682542,67.2645184224504,69.0691784775267,69.4017844265494
69.2170815094355,64.5634855048292,61.2972533430207,68.3459396899064,67.6624915737493,68.9617568682456,69.015523172742,65.086274992164,65.6456043049776,68.4854759926673,59.2472577028087,53.4250835509792,62.2418326019724,65.7392630733387,67.6456302976296,69.415365029786,66.1005404285552,61.0450826090957,65.9046537564717,57.147672346389,69.0465292410462,59.3884117252371,66.5766769141758,61.1871778492783,69.2407093529558,68.4242621068096,58.3309592955612,52.385035081387,67.2645184224504,69.076141481405,69.4017844265494
69.2170815094355,64.5634855048292,61.2972533430207,68.3459396899064,67.6624915737493,69.0514994870925,69.0540229087929,65.0939114779673,65.6734921342117,68.5206918547278,59.2600026872908,53.5271189686215,62.2439243159691,65.7392630733387,67.6456302976296,69.4424141930868,66.3161008526816,61.0450826090957,66.2901174996783,57.147672346389,69.0465292410462,59.6111985477376,66.6193956663411,61.2813874132403,69.2779125303039,68.4242621068096,58.4137378746174,52.4643199026643,67.3165350975408,69.076141481405,69.4017844265494
69.2180297893056,64.5839285209486,61.2972533430207,68.3459396899064,67.6790004839906,69.0514994870925,69.0540229087929,65.0939114779673,65.6734921342117,68.5459546003562,59.2638808065386,53.5271189686215,62.2500385806423,65.7392630733387,67.6456302976296,69.4485910758635,66.3161008526816,61.0450826090957,66.4890661538145,57.147672346389,69.0675419181766,59.6111985477376,66.6193956663411,61.3394128566317,69.2779125303039,68.4242621068096,58.4328063995521,52.5845286159609,67.3165350975408,69.076141481405,69.4017844265494
69.2180297893056,64.5839285209486,61.4401662499784,68.3784715570032,67.7544383839126,69.0613336710548,69.0540229087929,65.0974800291919,65.6734921342117,68.58861997053,59.2794807301804,53.5271189686215,62.2543996689011,65.7739710804032,67.6572496081976,69.4485910758635,66.3161008526816,61.0450826090957,66.7716203877391,57.164992073627,69.0755819369835,59.7371125757034,66.6193956663411,61.6134389886822,69.2861461024086,68.4251803348009,58.4400188828147,52.5845286159609,67.3254508626482,69.0860388143302,69.4193959545691
69.3167164020346,64.5839285209486,61.4401662499784,68.4642225257302,67.7544383839126,69.0946820916018,69.0540229087929,65.1014157106905,65.8189253959362,68.58861997053,59.2946880174843,53.5271189686215,62.2618402749551,65.7739710804032,67.6572496081976,69.4485910758635,66.3161008526816,61.048070608843,66.7716203877391,57.164992073627,69.0755819369835,59.9055491420223,66.6193956663411,61.6134389886822,69.2912970897052,68.4255638583536,58.45709731185,52.6383823835932,67.3254508626482,69.0883864905517,69.4193959545691
69.3167164020346,64.5839285209486,61.5972292752727,68.5269415518989,67.7544383839126,69.1175757002639,69.0540229087929,65.1171880965384,65.8189253959362,68.58861997053,59.2965733394057,53.6037187335359,62.2618402749551,65.7968945874419,67.6608711431583,69.4485910758635,66.3161008526816,61.0699378235202,66.9768653186783,57.2025933668216,69.084966639494,59.9055491420223,66.7202359899817,61.6249623741326,69.3111724959416,68.4255638583536,58.45709731185,52.6383823835932,67.3635802745317,69.0883864905517,69.4193959545691
