-40.3579746106047,-61.5711252664209,-37.9821135286057,-99.7965295536222,-56.6606814244012,-79.8799947181778,-35.8347014520946,-60.900196598885,-26.0621946759187,-78.6487525098728,-86.6681359800682,-93.2146980454827,-6.71131631166086,-76.0667750768992,-76.2892225139874,-57.8352268421354,-40.6730978848313,-76.1702506181591,-135.482164027993,-67.4640113954732,-65.8497517533906,-100.11501688782,-110.653647782921,-178.801116053102,-56.4148905594596,-92.5106948714676,-58.0518671095764,-44.286865931234,-117.378845670865,-111.345824332498,-103.893005732623
34.55921136203,12.8873174377349,8.12520770683211,4.54382828527188,8.24207233291305,-0.912650836453309,-22.9410261929661,-7.89670997801566,-0.385472061939616,19.7388385657983,-16.0976043738724,-26.2171270196515,0.463992828561111,-0.716792067429175,26.231963896674,-19.786842522075,10.5765423946017,12.0178766656752,-32.5502808176562,-28.4104892040793,13.2553578090628,5.66468208921786,-24.2861102163971,16.827516989939,-10.462069104596,-27.2307922978413,4.91172115954097,-11.1031929388455,-8.26825141663063,-33.7222306295021,-13.2460586820891
39.617060856473,22.2309449716026,15.764548131855,12.2062873188406,14.079664056145,6.61101887029787,-11.3520023399361,0.93782944337628,11.3000543401234,23.6215671281645,-5.50671571821493,-20.2542583871506,5.88248310561406,3.48512725313017,30.4768774758968,-15.4472450777181,16.7275605590174,14.360042809861,-23.4762043878576,-6.89828497393213,17.0017568528236,18.855350054907,-20.503647829009,26.392965168507,-4.72094165459787,-19.4236837073018,12.2188301068408,-5.58804472887505,-3.75693991890111,-16.6453648103797,-6.16916096152544
45.9254136613235,32.9067140113368,23.2983075158983,18.5236570606214,19.5086826405274,9.11822952596151,-7.91249324400162,4.40056418139422,14.0124403168619,28.0509906253982,1.51929904136053,-11.2704708940137,12.4279754969936,9.55690169994206,34.2194743829417,-9.94533557118701,21.697733937625,17.5194863009543,-17.3640952108273,-2.16509819680876,23.1008423235461,24.5040481108753,-15.1877565514484,37.4574043367474,1.26500098365764,-13.672776630518,18.1600230305263,2.94227868467141,1.23971212955441,-7.6788527205725,-0.246335500721784
52.4375984396779,40.9059174760165,29.3127046865582,25.3139937461393,23.9714263468119,13.51802739497,-5.21706992208164,9.71543124435652,17.5565863832695,29.7731126319383,9.44517773373388,-3.01196457584003,14.9584310236785,12.8238170927543,38.8839030897579,-4.866059577289,25.0584909595395,20.6527881454972,-12.0800297583014,0.768501034926977,29.7233846345321,32.0145355979593,-9.20458765357312,43.9462271443775,7.98502085349579,-6.66367073779529,21.2210135067069,7.30942466523669,6.42482252540528,-1.63096556417117,5.57482804643522
55.1250814450109,48.6705035575728,34.265853376997,32.9230492172492,26.62972549353,17.7475048534281,-1.98855274557461,14.5572372594453,20.8973794948538,34.8960503313491,17.1507298190853,4.13804909492342,20.2753240629676,19.0584754091667,44.3450342667694,0.276893172021005,29.3621267597976,25.42015211847,-4.70962414713411,4.21541580880174,34.399333774059,37.6060505715383,-4.75412030534739,49.5128245057967,13.9577040153407,-1.12999755112088,26.9459457041601,13.604623082283,13.1470474691264,4.55829024211651,10.7889303174008
59.5778930805303,54.9278205997866,42.2191434324135,39.3042136179395,29.9037098132411,21.8738567957354,2.56803429688395,17.7234460408412,24.1135520889871,39.1343876887631,25.6811411475702,9.68664910018344,25.5315004977962,27.2082879145753,47.1234919121163,6.45391478057875,33.4920170377137,30.2058103060044,1.64335661575969,7.59934847924716,37.3787633430404,42.9954756727359,-0.234794307046986,59.4082445645185,21.6468567716286,4.50449391067976,30.8908483015128,18.0203820218688,18.8556334432967,11.7394727164571,18.4970847089963
62.2260215110548,60.9207768728074,48.8051351029353,46.620577131947,34.8981188103297,26.156384408679,7.66788569086729,23.8070052557597,26.2582299638914,41.8093504702903,32.0787891836973,14.6871181114521,29.3256904722018,32.6499650490229,49.5509057451995,11.5563636274603,36.7036907902222,34.1815032901781,6.70251258662073,11.3259263607023,42.9675792985515,48.339306277332,6.14790231682757,65.9038199488727,27.2451729234626,11.7146659195775,34.5303690757849,22.91989916593,22.1243411254313,19.2769259025729,25.8686430287766
64.8769187574608,64.1393229777398,51.4738141629788,50.5945120908663,39.4379244657957,31.4547170942637,11.9777887993336,28.5180475474946,28.4136614212806,43.0500781140326,38.4143823010946,21.8026959693388,33.7805457439144,36.5486113570898,49.6333286086162,16.0729247260725,42.8935069393957,39.7550439049755,12.2251823461683,14.916431233224,48.0256513324755,50.4709925531195,11.8715102912899,68.4094972416156,30.449128327194,16.8862044938366,38.7688199170941,25.9546925102842,28.4916931213914,23.4529262009363,33.1796699147508
67.3657129862894,65.7385676838761,54.9944574489445,54.5387713680592,42.8216223022072,36.8008969022975,15.0783505291354,33.1253429855329,29.1402386052467,43.3609293696634,43.8641587356639,27.1669125536263,37.9610000755623,38.9082422341778,49.877745485382,20.1004471898954,46.8362337517283,44.1991177303064,18.0710324991958,17.9347786112756,50.3606058628218,51.6581450892456,14.900753223184,68.7812084746897,32.246239825166,25.3870348821102,43.7190910004198,30.2306919407462,33.5221355975984,31.1047990620903,35.5779772182259
68.5194913966993,66.4810759171703,57.2845403672553,60.8334124883082,46.920770116317,41.5457234255311,18.3520671215612,38.1362060620808,29.5588207980681,43.5212951261199,49.9551102903191,32.9344973221569,42.3766164654377,40.1032124894203,49.9636464014514,25.4933277421226,54.5495431995127,46.6545991482093,24.893405399459,22.2451623274817,53.4124435611129,52.3674904747528,19.1935225139405,68.7812084746897,32.7508296934342,28.0304851091262,48.8265197967777,34.2881980721379,38.1532400990448,38.8580774076623,39.5423367139012
69.2047240170016,66.6461200740945,58.3980689533887,64.9125098294212,50.1270797645357,45.5341594164323,20.9647844396747,45.129473070735,29.8067442125677,43.6765696054062,56.2510404456439,38.4501193826815,46.210892997286,40.1632782065678,50.0058640424001,28.8214870173646,58.0510243592571,50.2635098625572,30.4838008670516,26.7955303627916,54.3481803062209,52.552270747636,24.3972579277265,68.7812084746897,32.99849396698,34.9599146988544,52.6806670992522,37.7376339156004,43.7515127821179,44.9572471563134,43.4070226359703
69.4097822532009,66.831094101538,58.6691187378945,65.1065323309052,50.5898017789396,49.6098796097132,24.6419987110431,49.0994642970221,29.953333561581,43.698855342073,60.5731319701275,43.037616236728,51.1031338535196,40.1632782065678,50.1375923255719,31.7407310098728,61.605633705754,52.5293286217665,35.856130668768,29.4424914967207,54.4689138703434,52.6585555458066,27.5033431034978,68.87210438619,33.1803537848292,41.2748751819556,53.6357290419765,40.9929644667771,45.2656482144004,48.8798330727609,46.4552689166608
69.6409886996924,66.8821782305386,58.7138701397503,65.4972032742127,50.7875974828096,49.84089048108,27.3331134964958,53.3724030284256,29.9774098679875,43.7541353967931,63.9925561568897,49.4014428237471,53.0831204911649,40.1632782065678,50.1469487839509,33.066696414933,64.1397946741865,54.620508077347,38.8428807616838,32.4667109492383,54.6641084413506,52.7585916754397,30.0829335345437,68.9650258598826,33.2659189384941,44.9585201832477,53.9708083720353,43.9090747859807,45.7498130589022,50.0451027510547,47.1038804176027
69.698554511602,66.993157493314,58.7815474273025,65.5482953866091,50.9600624815193,49.9289762121877,31.500008254989,56.4103823938574,30.0711035495565,43.7999426641628,64.5772282232864,53.6312750275039,53.6736073906587,40.1761709351119,50.1619095336926,33.2438056218015,66.9585630455955,55.6797876452146,39.9397803940493,36.5145341933745,54.6931248290137,52.7637214497405,30.4664697911445,69.1938006604228,33.2933689562293,49.6655388045765,54.0185801762742,46.4838245145879,46.0330249824426,50.3644953175947,47.2539945346098
69.7359103100736,67.0745322697988,58.9109705529062,65.6031951792915,51.0247275977566,50.0824115454857,33.8641636435428,56.6658694944058,30.1530841244891,43.8009569648074,65.0112994227561,56.4688379424987,53.8762137074545,40.1761709351119,50.1699044586395,33.3295782067016,69.0068686371321,56.196758497304,40.1566893145881,39.1651621000588,54.7750537893715,52.7880899166654,30.7863694736292,69.1938006604228,33.3413258132273,53.10056128134,54.1417218927008,48.7559812267021,46.1278916275161,50.5113592762863,47.2539945346098
69.7926082359109,67.0745322697988,58.9213709534556,65.6265270778952,51.087477304472,50.178838699665,35.8042607219646,56.6835569214305,30.1605760114143,43.8327989360799,65.1281776184206,57.1410946790267,53.911409652697,40.1761709351119,50.1709735454325,33.4155696115114,69.4649518173284,56.374705337353,40.292803641429,42.8880447200329,54.790053136468,52.8410652860071,30.8848481969624,69.1938006604228,33.3665444630741,55.0590148560124,54.1849499791524,51.5423426793625,46.1837519592214,50.6508585773696,47.2539945346098
69.7926082359109,67.1148060337525,58.9627136637367,65.631996193833,51.0939361458699,50.2767554497492,37.5669964151124,56.6835569214305,30.2638077352028,43.8440469447992,65.145909921493,57.1789572779298,53.911409652697,40.1761709351119,50.187633799065,33.436351689418,69.5499538113332,56.5535436519939,40.6475870326108,46.9417298339627,54.7921998152452,52.9165901213125,31.0172638646643,69.1938006604228,33.3802324780108,55.9476325255759,54.2407655376627,54.5173994835827,46.2189063284007,50.674309607764,47.2539945346098
69.7926082359109,67.1150467605786,58.9849756527649,65.6331876467711,51.1037963042414,50.3218321929405,40.9577163821547,56.6835569214305,30.2775593693388,43.8623029178659,65.1835535589979,57.278934242344,53.911409652697,40.2819680406472,50.1958171086218,33.4979357269195,69.6657738038074,56.6352958103954,40.791193681333,50.5213795126659,54.8040787541809,52.9165901213125,31.0902568232924,69.1938006604228,33.3981220625423,56.1450348568315,54.2407655376627,56.1629776986296,46.2252061746704,50.7176574309087,47.2539945346098
69.7926082359109,67.1390520923851,59.0130801786654,65.6369491539508,51.1186556979413,50.3218321929405,42.4660276603508,56.6835569214305,30.2840548008255,43.8623029178659,65.2535601296202,57.3279150885757,53.911409652697,40.354298014908,50.2013150527128,33.5300231584238,69.7903285691024,56.7270264752398,40.7968982156186,52.9633643635807,54.8040787541809,52.9165901213125,31.1238840726826,69.1938006604228,33.399915562019,56.1514588033753,54.2407655376627,59.2014092577076,46.2781646997898,50.785579277113,47.2539945346098
69.7926082359109,67.1579091403149,59.032588234067,65.6645158426841,51.1308958886916,50.3218321929405,44.466002255761,56.6835569214305,30.2982647909405,43.8623029178659,65.3299278267947,57.3833801911467,53.911409652697,40.354298014908,50.2055297895457,33.5602449139427,69.8111429255969,56.7586469915801,40.8283714430486,54.8299021984025,54.8221653357207,52.9165901213125,31.1538519013153,69.1938006604228,33.4027064908249,56.2479596703179,54.2407655376627,60.5743365281057,46.3070655180166,50.8028488090353,47.2539945346098
69.7926082359109,67.1684123129162,59.0431498006589,65.6787838196565,51.141717559684,50.3218321929405,46.2669305927816,56.6835569214305,30.3116854512794,43.8623029178659,65.348390566785,57.4525613695653,53.911409652697,40.354298014908,50.2209595089401,33.5783033182838,69.8284259032064,56.7835851404098,40.8502083979741,55.8177876803578,54.8389519505148,52.9165901213125,31.1899002265565,69.1938006604228,33.4084823035632,56.3266845886067,54.2407655376627,61.1151687883915,46.3430376052611,50.8484991520469,47.2539945346098
69.7926082359109,67.177286739801,59.0459104776906,65.6839341238886,51.1443248759639,50.3218321929405,48.5980710885114,56.6835569214305,30.3116854512794,43.8623029178659,65.3696027926609,57.4924268495002,53.911409652697,40.354298014908,50.2255299740774,33.5912705691099,69.8415103301898,56.7913150866467,40.8853161125116,55.9175505113993,54.8507071873661,52.9165901213125,31.1937533020773,69.1938006604228,33.4148297830221,56.3469164773532,54.2407655376627,61.2864872213312,46.3430376052611,50.8606688761375,47.2539945346098
69.7926082359109,67.177286739801,59.050242558699,65.6902900210679,51.1455367470171,50.3218321929405,48.922993282689,56.8166335890358,30.3210858342122,43.8623029178659,65.3891790591673,57.5267027523951,53.911409652697,40.354298014908,50.2259700344443,33.6052958877715,69.8415103301898,56.8027887594053,40.8934111647361,55.9742182645484,54.8577801559333,52.9165901213125,31.1970548267601,69.1938006604228,33.4172325533998,56.3792222052734,54.2407655376627,61.3769227147067,46.3486825160947,50.8768114739401,47.2539945346098
69.7926082359109,67.177286739801,59.0560651029334,65.699843986066,51.1511354323786,50.3218321929405,49.0531606073338,56.8166335890358,30.3262574983707,43.8623029178659,65.4082793738494,57.5267027523951,53.911409652697,40.354298014908,50.229377726963,33.6138599506235,69.8415103301898,56.8174738182195,40.9202859617818,56.0218327595427,54.8602267848402,52.9165901213125,31.2072824525156,69.1938006604228,33.4195072674179,56.4182304760894,54.2407655376627,61.6031504949857,46.352754959997,50.8798100252798,47.2539945346098
69.7926082359109,67.177286739801,59.0581988102853,65.7025859995763,51.1562494280125,50.3218321929405,49.260399639161,56.8166335890358,30.3297222386131,43.8623029178659,65.4106960152585,57.5267027523951,53.911409652697,40.354298014908,50.2305973467162,33.6281065529836,69.8415103301898,56.8197658140105,40.9289710388527,56.038437312056,54.8673709776295,52.9165901213125,31.2274916934287,69.1938006604228,33.4208548444212,56.4339231539865,54.2407655376627,61.635233673751,46.3619900440208,50.9007126120313,47.2539945346098
69.7926082359109,67.177286739801,59.0581988102853,65.7059919719792,51.1575935214737,50.3218321929405,49.3092200247225,56.8166335890358,30.330505001231,43.8623029178659,65.4252842710798,57.5267027523951,53.911409652697,40.354298014908,50.231994653115,33.634781129036,69.8415103301898,56.8274649232058,40.9469919492053,56.1073353714264,54.8695840377996,52.9165901213125,31.2315149351767,69.1938006604228,33.4217116815332,56.4420408508967,54.2407655376627,61.7453274703565,46.3654202216019,50.9032922918591,47.2539945346098
69.7926082359109,67.177286739801,59.0581988102853,65.7105254471431,51.1590239283843,50.3218321929405,49.3556582760131,56.8166335890358,30.3316314423908,43.8623029178659,65.4252842710798,57.5267027523951,53.911409652697,40.354298014908,50.2338698823414,33.6393344245118,69.8415103301898,56.8274649232058,40.950810709524,56.1254838731415,54.8702667988891,52.9165901213125,31.2326939889661,69.1938006604228,33.4234162473424,56.4472479841675,54.2407655376627,61.7453274703565,46.3707774260631,50.9100494954289,47.2539945346098
69.7926082359109,67.177286739801,59.0581988102853,65.7138621202389,51.1599971290408,50.3218321929405,49.4276891867636,56.8166335890358,30.3330397605863,43.8623029178659,65.4252842710798,57.5267027523951,53.9516617966323,40.354298014908,50.2339403371235,33.6420514330459,69.8415103301898,56.8274649232058,40.9548703876297,56.1254838731415,54.871469536313,52.9165901213125,31.2368031552857,69.1938006604228,33.4247405660188,56.4621254695099,54.2407655376627,61.7453274703565,46.3741841235206,50.9113081882246,47.2539945346098
69.7926082359109,67.177286739801,59.0581988102853,65.7151725932154,51.1611437152116,50.3218321929405,49.4628865143706,56.8166335890358,30.3351358584162,43.8623029178659,65.4252842710798,57.5267027523951,57.5432242792465,40.354298014908,50.2346357358244,33.6420514330459,69.8415103301898,56.8274649232058,40.9571760120679,56.1254838731415,54.8759518026831,52.9165901213125,31.2397570895198,69.1938006604228,33.425709979784,56.4703749522014,54.2407655376627,61.7453274703565,46.3806430976762,50.9126770894883,47.2539945346098
69.7926082359109,67.177286739801,59.0581988102853,65.7165826787953,51.1618225720285,50.3218321929405,49.4700879560989,56.8166335890358,30.3353508101654,43.8623029178659,65.4252842710798,57.5267027523951,61.5772358854396,40.354298014908,50.235291219954,33.6420514330459,69.8415103301898,56.8274649232058,40.9578941011024,56.1254838731415,54.8764402732524,52.9165901213125,31.2407487016629,69.1938006604228,33.4261026789616,56.4708566578019,54.2407655376627,61.7453274703565,46.3816541207381,50.9154540707777,47.2539945346098
69.7926082359109,67.177286739801,59.0581988102853,65.7174861576528,51.1627953637942,53.7566151834902,49.5000844997771,56.8166335890358,30.3355071228373,43.8623029178659,65.4252842710798,57.5267027523951,63.6684130330012,40.354298014908,50.2355325074178,33.6420514330459,69.8415103301898,56.8274649232058,40.9600089739958,56.1254838731415,54.8765153163549,52.9165901213125,31.2435665528179,69.1938006604228,33.4269200955734,56.4719408253424,54.2407655376627,61.7453274703565,46.3828859534248,50.9154540707777,47.2539945346098
69.7926082359109,67.177286739801,59.0581988102853,65.7179735721038,51.1635726316171,58.5386078840768,49.5108467752685,56.8166335890358,30.3357771961272,43.8623029178659,65.4252842710798,57.5267027523951,64.8038290466698,40.354298014908,50.2358659455719,33.6420514330459,69.8415103301898,56.8274649232058,40.9615658837958,56.1254838731415,54.8773608228541,52.9165901213125,31.2435665528179,69.1938006604228,33.4277421162527,56.4745352386485,54.2407655376627,61.7453274703565,46.3838227568249,50.9154540707777,47.2539945346098
69.7926082359109,67.177286739801,59.0581988102853,65.7182277009982,51.1635726316171,62.7703150928941,49.5108467752685,56.8166335890358,30.3357771961272,43.8623029178659,65.4252842710798,57.5267027523951,64.892778446617,40.354298014908,50.2360875754501,33.6420514330459,69.8415103301898,56.8274649232058,40.9622771058017,56.1254838731415,54.8779820522911,52.9165901213125,31.2435665528179,69.1938006604228,33.4279713952261,56.4773558512426,54.2407655376627,61.7453274703565,46.3848314067501,50.9154540707777,47.2539945346098
69.7926082359109,67.177286739801,59.0581988102853,65.7186589918155,51.16389814502,66.0562116063629,49.5171826036251,56.8166335890358,30.3357771961272,43.8623029178659,65.4252842710798,57.5267027523951,64.9451270576963,40.354298014908,50.236318537998,33.6420514330459,69.8415103301898,56.8274649232058,40.9630166079374,56.1254838731415,54.8781136803402,52.9165901213125,31.2435665528179,69.1938006604228,33.4279713952261,56.4783732679209,54.2407655376627,61.7453274703565,46.3873632738344,50.9154540707777,47.2539945346098
69.7926082359109,67.177286739801,59.0581988102853,65.7186589918155,51.1640309456686,66.9411652782806,49.522158152845,56.8166335890358,33.4583066847387,43.8623029178659,65.4252842710798,57.5267027523951,65.0615723763761,40.354298014908,50.236329859029,33.6420514330459,69.8415103301898,56.8274649232058,40.9639502233967,56.1254838731415,54.878196134244,52.9165901213125,31.2435665528179,69.1938006604228,33.4279713952261,56.4788168341676,54.2407655376627,61.7453274703565,46.3882812055537,50.9154540707777,47.2539945346098
69.7926082359109,67.177286739801,59.0581988102853,65.7190809170365,51.164206610639,68.6996147557658,49.5288285974867,56.8918266894787,36.6634131793179,43.8623029178659,65.4252842710798,57.5267027523951,65.2058335562614,40.354298014908,50.2363482315441,33.6420514330459,69.8415103301898,56.8274649232058,40.9640593210147,56.1254838731415,54.8786894273013,52.9165901213125,31.2435665528179,69.1938006604228,33.4279713952261,56.4794875767478,54.2407655376627,61.7453274703565,46.3887946750371,50.9154540707777,47.2539945346098
69.7926082359109,67.177286739801,59.0581988102853,65.7193547217504,51.1643165768946,69.1724649477857,49.5311315231474,56.8918266894787,38.2405583805606,43.8623029178659,65.4252842710798,57.5267027523951,65.3046395831072,40.354298014908,50.2365099922861,33.6420514330459,69.8415103301898,56.8274649232058,40.9641605725717,56.1254838731415,54.8788037531236,52.9165901213125,31.2435665528179,69.1938006604228,33.4279713952261,56.4796099430358,54.2407655376627,61.7453274703565,46.390132212742,50.9154540707777,47.2579986341272
69.7926082359109,67.177286739801,59.0581988102853,65.7197258718015,51.1643990189412,69.2148466318461,49.5329207695523,56.8918266894787,39.8895767068334,43.8623029178659,65.4252842710798,57.5267027523951,65.3358378516412,40.354298014908,50.2365099922861,33.6420514330459,69.8415103301898,56.8274649232058,40.9643600763363,56.1254838731415,54.8789972380708,52.9165901213125,31.2435665528179,69.1938006604228,33.4279713952261,56.4798931498048,54.2407655376627,61.7453274703565,46.3908835539648,50.9154540707777,47.2579986341272
69.7926082359109,67.177286739801,59.0581988102853,65.7197671635353,51.1644522319961,69.3067292693699,49.5329207695523,56.9247687001645,42.6921515664624,43.8623029178659,65.4252842710798,57.5267027523951,65.3994710154945,40.354298014908,50.2365099922861,33.6420514330459,69.8415103301898,56.8274649232058,40.964371593564,56.1254838731415,54.8791699667415,52.9165901213125,31.2435665528179,69.1938006604228,33.4279713952261,56.4800049692181,54.2407655376627,61.7453274703565,46.3912856898959,50.9154540707777,47.2579986341272
69.7926082359109,67.177286739801,59.0581988102853,65.7197773792471,51.164478117654,69.3899225706131,49.5329207695523,56.9790726855423,43.443049557733,43.8623029178659,65.4252842710798,57.5267027523951,65.4636997883811,40.354298014908,50.2365099922861,37.7113785387847,69.8415103301898,56.8274649232058,40.9645618431851,56.1254838731415,54.8793208718959,52.9165901213125,31.2435665528179,69.1938006604228,33.4279713952261,56.4800971819257,54.2407655376627,61.7453274703565,46.3915112146348,50.9154540707777,47.2579986341272
69.7926082359109,67.177286739801,59.0581988102853,65.7198301960012,51.1645128719284,69.4501532592196,49.5329207695523,57.022502704095,43.6312420362257,43.8623029178659,65.4252842710798,57.5267027523951,65.4682584986496,40.354298014908,50.2365099922861,42.6602759216331,69.8415103301898,56.8274649232058,40.9646119014321,56.1254838731415,54.8793351721282,52.9165901213125,31.2435665528179,69.1938006604228,33.4279713952261,56.4801069217424,54.9506612273862,61.7453274703565,46.3919009324887,50.9154540707777,47.2579986341272
69.7926082359109,67.177286739801,59.0581988102853,65.7198301960012,51.1645342716982,69.4750677733199,49.5329207695523,57.0444811172868,43.8700308537245,43.8623029178659,65.4252842710798,57.5267027523951,65.4999971154979,40.354298014908,50.2365099922861,44.5119149912524,69.8415103301898,56.8274649232058,40.9647060907046,56.1254838731415,54.8794138995241,52.9165901213125,31.2435665528179,69.1938006604228,33.4279713952261,56.4802199379661,57.6388226178517,61.7453274703565,46.391962909418,50.9154540707777,47.2579986341272
69.7926082359109,67.177286739801,59.0581988102853,65.7198301960012,51.1645495177709,69.5156609187392,49.5329207695523,57.0659555878353,43.8700308537245,43.8623029178659,65.4252842710798,57.5267027523951,65.5204041341764,40.373553082795,50.2365099922861,47.7680439066234,69.8415103301898,56.8274649232058,40.964723227825,56.1254838731415,54.879433308529,52.9264840652662,31.2435665528179,69.1938006604228,33.4279713952261,56.48029552015,59.8630133822467,61.7453274703565,46.3920736751464,50.9154540707777,47.2579986341272
69.7926082359109,67.177286739801,59.0581988102853,65.7198301960012,51.1645495177709,69.6092690725335,49.5329207695523,57.0812213283632,43.8700308537245,43.8623029178659,65.4252842710798,57.5267027523951,65.5594178362699,40.373553082795,50.2365099922861,53.0449058150567,69.8415103301898,56.8274649232058,40.964772123107,56.1334956210858,54.8794417791733,52.9264840652662,31.2435665528179,69.1938006604228,33.4279713952261,56.4803127092329,61.9924544500502,61.7453274703565,46.3922731552593,50.9154540707777,47.2579986341272
69.7926082359109,67.177286739801,59.0581988102853,65.7198301960012,51.1645495177709,69.6475687331238,49.5329207695523,57.0881577729554,43.8700308537245,43.8623029178659,65.4252842710798,57.5267027523951,65.5612819637157,40.373553082795,50.2365099922861,55.1949958433091,69.8415103301898,56.8274649232058,41.2288001327889,56.1334956210858,54.8794570340571,52.9264840652662,31.2435665528179,69.1938006604228,33.4279713952261,56.4803252261437,62.6864667238979,61.7453274703565,46.3923238057126,50.9154540707777,47.2579986341272
69.7926082359109,67.177286739801,59.0581988102853,65.7198301960012,51.1645495177709,69.6852548509003,49.5329207695523,57.0947158178015,43.8700308537245,43.8623029178659,65.4252842710798,57.5267027523951,65.5721938906689,41.2352449582238,50.2365099922861,56.962106313647,69.8415103301898,56.8274649232058,47.0100806598307,56.1334956210858,54.8794787340778,52.9264840652662,31.2435665528179,69.1938006604228,33.4279713952261,56.4803464364369,63.0619946754891,61.7453274703565,46.392391013287,50.9154540707777,47.2579986341272
69.7926082359109,67.177286739801,59.0581988102853,65.7198301960012,51.1645495177709,69.703968592929,49.5329207695523,57.0994026109988,43.8700308537245,43.8623029178659,65.4252842710798,57.5267027523951,65.5729346527406,44.7107866246972,50.2365099922861,58.3569557755991,69.8415103301898,56.8274649232058,50.2145760152554,56.1334956210858,54.8794885491846,52.9264840652662,31.2435665528179,69.1938006604228,33.4279713952261,56.4803561586125,63.2672444346266,61.7453274703565,46.392477358334,50.9154540707777,47.2579986341272
69.7926082359109,67.177286739801,59.0581988102853,65.7198301960012,51.1645495177709,69.7323151776587,49.5329207695523,57.1051228703862,43.8700308537245,43.8623029178659,65.4252842710798,57.5267027523951,65.5729346527406,46.1058118500414,50.2365099922861,59.5387761633424,69.8415103301898,56.8274649232058,53.6418236425089,56.1334956210858,54.8794893710723,52.9264840652662,31.2435665528179,69.1938006604228,33.4279713952261,56.4803735022046,63.3185398726082,61.7453274703565,46.3926431698682,50.9154540707777,47.2763429576081
69.7926082359109,67.177286739801,59.0581988102853,65.7198301960012,51.1645495177709,69.7512440423283,49.5329207695523,57.1051228703862,43.8700308537245,43.8623029178659,65.4252842710798,57.5267027523951,65.5729346527406,49.1555359210481,50.2365099922861,59.8518243881859,69.8415103301898,56.8274649232058,57.6419455243741,56.1334956210858,54.8794911080521,52.9264840652662,31.2435665528179,69.1938006604228,33.4279713952261,56.4803933228829,63.373735448823,61.7453274703565,46.3927079561175,50.9154540707777,47.3891826401297
69.7926082359109,67.177286739801,59.0581988102853,65.7198301960012,51.1645495177709,69.7680423991484,49.5329207695523,57.1051228703862,43.8700308537245,43.8623029178659,65.4252842710798,57.5267027523951,65.5729346527406,52.3178184318106,50.2365099922861,60.0712718583312,69.8415103301898,56.8274649232058,60.4358502362088,56.1334956210858,54.879497537935,52.9264840652662,31.2435665528179,69.1938006604228,33.4279713952261,56.4804031738155,63.4713492094453,61.7453274703565,46.3928379717764,50.9154540707777,47.4230996485055
61.2995674888115,42.4341314547427,35.5140607040811,41.7337755993425,46.4591268868425,21.534925329316,45.0103890221828,51.053706841466,26.2359598859713,21.4014416484405,63.939107562816,43.0604635126248,51.9946949004235,29.512669681607,57.7652031710232,21.7415486599842,58.5946485395697,43.1987477945553,35.7763703356158,36.3802193513029,50.7823763248519,43.0897415534031,25.8906464551876,47.7628719225954,26.1104342494708,58.3139825768328,47.0312068542472,40.8330461417234,28.5997161378193,38.8570269719984,52.5705393095474
61.9038893146992,45.9981993489246,39.1210457199837,46.6711673232334,46.4592813547066,60.1831811695312,45.5528725856652,52.1103916772927,27.9624274693932,22.0076348058698,64.8512258956733,44.1380515966471,52.3391594232105,33.4308476549966,59.1865907642143,58.1154624872028,59.7385936201694,43.3191227019832,59.5787219002521,38.9766347933725,52.2340476362877,43.8087847213426,27.1222569705108,49.4412372027135,27.5488980048557,58.6259245682086,62.7285478277518,43.0710440936173,28.9174054820994,39.0419818462776,54.9443726688579
63.3485251257947,48.6380695187023,41.2256085602594,51.843639383044,48.4007913849194,61.8299402106958,47.6888223939415,54.1121097385208,30.951545984291,23.1308994308206,66.7737133177318,46.0797282631717,54.288692088872,38.0427776590984,60.3117895636651,60.7668142419976,61.2740779829541,45.314806547592,61.5126362003267,44.8491914397828,54.0552932355848,46.0325064090771,30.8967706077436,50.2569262259423,29.2920558454758,61.1931537669828,65.5368915437981,47.4363106745025,31.4658423349296,41.875459686156,58.7332407296522
65.0339161549321,55.0612947420554,44.8336530456224,54.4323137376829,50.9614203380267,62.046315860114,51.175815046102,54.9422646917689,36.6543002473555,27.6041838196201,68.7047282684114,47.9557104543956,56.3596817545615,41.2969243521898,62.921526995428,64.1295838562145,63.3162768406882,47.4238232611677,63.3652697316813,45.7778901651758,55.3375036764115,48.0252640873032,31.6217075409819,54.4902868110546,30.9949951587876,63.5093288713478,67.0386336214654,51.1140765220015,34.5456784410967,44.7352608775988,59.7270149842367
66.1018811671918,60.2960164211946,48.4558277760339,55.7199947348668,52.1145486804183,63.8893187674932,51.699258517885,55.0774842515972,39.0233401418857,31.9029727869905,68.9331674512029,50.5152819548751,58.2556279059674,43.3455828367941,64.2129393821388,65.1173952752506,64.9332782522029,48.7038490792953,63.8449042625742,46.80804274409,56.2563927019392,49.8848191204951,31.9769541824765,57.1647387464299,31.6916717505885,63.9231340739265,68.3362645412843,52.0791963607844,35.9066342103262,46.5792111517593,60.1514650508305
67.4402375474702,63.6083694856434,48.4558277760339,56.5659580589677,52.6887986168945,64.4068858867055,51.8399660172707,55.3287637154322,39.2821682762936,33.6440110564324,69.1858978744461,53.1002907525177,59.8887854028052,47.0110166514093,64.6647298688119,65.6800828751127,65.6175485651855,49.5888943573481,63.9914644691493,47.2156860876333,56.8196010745633,49.9704473078524,31.9769541824765,57.3802909244235,31.8381859668703,64.0791425513336,68.5301429965395,53.0699899325872,36.6154379609992,47.3777054751351,60.2033445566601
68.066166533827,63.6083694856434,48.9737236912048,56.5935384016393,52.6887986168945,64.8224291075955,51.9085636073868,55.8200316304119,39.4936902499517,33.6748644818348,69.2176940215089,53.8230175306299,60.5433288928381,50.9343436853343,64.8792036959466,66.4976482932459,65.8736293646953,50.4725753880994,64.0517770029356,47.244857846949,57.077024065499,51.0962728555968,32.0201257649095,57.7648914219183,31.8381859668703,64.2734977087021,68.5854949642685,53.6546284228748,37.1894165623716,47.6570562903299,60.2994155307214
68.3235474714089,64.8193057583393,49.6822679624593,56.5935384016393,52.8999961633652,64.9639509162282,51.9724945751456,55.8422821487126,39.4936902499517,34.1954253022242,69.4174209986748,53.8230175306299,61.3993878058978,52.889485626624,64.9580050841103,66.7172702647095,65.8750836595898,50.593122824286,64.0517770029356,47.5704906329726,57.1581470189563,51.7323328144636,32.0235799874486,57.7648914219183,31.8452243691159,64.3435668346413,68.6736055957934,54.0133946813377,37.3500596074381,47.6570562903299,60.2994155307214
68.477055949353,64.9182983861363,49.8577635320658,56.5935384016393,52.9699961083407,64.9649433863988,51.9827554759842,55.8422821487126,39.4936902499517,35.2218944082403,69.5255381345297,53.8230175306299,61.3993878058978,54.2698788599021,65.0173070577617,66.7172702647095,66.1152732552248,50.593122824286,64.0517770029356,47.6922757377168,57.1581470189563,52.0894425307358,32.0353928653636,57.7648914219183,31.8452243691159,64.3435668346413,68.7959619111273,54.1094042291512,37.3600797893857,47.6570562903299,60.2994155307214
68.5362465513794,65.0542819697637,49.9643545893785,56.5935384016393,52.9699961083407,64.9649433863988,52.02231965178,55.8422821487126,39.4936902499517,35.2604698797135,69.5832443626861,53.8412389042495,61.3993878058978,54.6752119236628,65.1000682999563,66.83228706963,66.2302641866585,50.6035968493918,64.0517770029356,48.0057814865398,57.1621252008794,52.0894425307358,32.1075510426899,57.8096724868787,31.8452243691159,64.3435668346413,68.8444762724136,54.3615444727003,37.4666455735842,47.7357460003138,60.2994155307214
68.6292248677115,65.3068887452633,49.9643545893785,56.5935384016393,52.9699961083407,64.9649433863988,52.1504988731989,55.8422821487126,39.4936902499517,35.2604698797135,69.632290368484,53.8816060424047,61.3993878058978,54.7156918640662,65.138447507985,66.9857331051251,66.2302641866585,50.7029520931574,64.0517770029356,48.158963235227,57.4136304094935,52.0894425307358,32.1075510426899,57.993298449393,34.7013365154174,64.3435668346413,68.8480586236091,54.3907344546349,37.4763706073797,47.7357460003138,60.4362107966853
68.66288917416,65.3068887452633,49.9643545893785,56.6114794304044,52.9699961083407,64.9649433863988,52.1504988731989,55.8422821487126,39.4936902499517,35.2604698797135,69.7055331066732,53.8816060424047,61.3993878058978,54.7156918640662,65.1539230045496,67.0302604413808,66.3488559725117,50.7029520931574,64.0517770029356,48.1758665459016,57.4628886296689,52.0894425307358,32.3360025922851,57.993298449393,35.9659380429097,64.3435668346413,68.9743006045373,54.4242885648868,37.5275913834043,47.7357460003138,60.4362107966853
68.798291097077,65.5938806005396,49.9643545893785,56.6114794304044,52.9699961083407,64.9649433863988,52.1504988731989,55.8422821487126,39.4936902499517,35.2604698797135,69.7251059990923,54.0207332627548,61.3993878058978,54.7156918640662,65.1856927975769,67.0302604413808,66.4179877080147,50.7488625776557,64.0517770029356,48.220396651758,57.4628886296689,52.0894425307358,34.7078481999906,57.993298449393,37.9769560863751,64.3435668346413,69.0385501531913,54.5537100323988,37.5490357230007,47.7357460003138,60.4362107966853
68.8021988161803,65.6544057256313,49.9643545893785,56.6114794304044,52.9853387685604,64.9649433863988,52.1504988731989,55.8422821487126,39.7990359782794,35.2604698797135,69.7394358625104,54.0207332627548,61.510066772264,54.9170611142073,65.2523669473274,67.0302604413808,66.4350757849013,50.7488625776557,64.0517770029356,48.264574130558,57.4628886296689,52.0894425307358,38.5654907243237,57.993298449393,39.9323718868913,64.3435668346413,69.0610197260853,54.5892689893984,37.5490357230007,47.7357460003138,60.4362107966853
68.8021988161803,65.7827637044016,49.9643545893785,56.6114794304044,53.1740467133487,64.9649433863988,52.1504988731989,55.8422821487126,40.026959381338,35.2604698797135,69.7610466261831,54.1405361333742,61.510066772264,55.0660061576123,65.2523669473274,67.0302604413808,66.4350757849013,50.7488625776557,64.0517770029356,48.264574130558,57.4628886296689,52.0894425307358,41.1963606196103,57.993298449393,42.4565360981642,64.3435668346413,69.1189888180893,54.6317243012406,37.5490357230007,47.7357460003138,60.4362107966853
68.8021988161803,65.8584907218595,49.9643545893785,56.6114794304044,53.1740467133487,64.9649433863988,52.1504988731989,55.8422821487126,40.266802739501,35.2604698797135,69.7635381495165,54.1405361333742,61.5991526487682,55.0886596722423,65.2523669473274,67.0302604413808,66.4350757849013,50.787876068442,64.0517770029356,48.2908852684774,57.4628886296689,52.0894425307358,42.9192239329602,57.993298449393,44.9009950362055,64.3435668346413,69.1189888180893,54.6687322193297,37.5490357230007,47.7357460003138,60.4362107966853
68.8021988161803,65.9186529378723,49.9643545893785,56.6114794304044,53.1740467133487,64.9649433863988,52.1504988731989,55.8422821487126,40.266802739501,35.3407605556089,69.7805786872855,54.1765836948158,61.5991526487682,55.0886596722423,65.2523669473274,67.0302604413808,66.4350757849013,50.787876068442,64.0517770029356,48.3083286628775,57.4628886296689,52.0894425307358,45.4373334106773,57.993298449393,47.3476520423305,64.3435668346413,69.1189888180893,54.7348629680449,37.5490357230007,47.7357460003138,60.4362107966853
68.8021988161803,66.006789304102,49.9643545893785,57.2080855630016,53.1740467133487,64.9649433863988,52.1504988731989,55.8422821487126,40.266802739501,35.3407605556089,69.7805786872855,54.1765836948158,61.5991526487682,55.0886596722423,65.2523669473274,67.0302604413808,66.4350757849013,50.787876068442,64.0517770029356,48.3149348729444,57.4628886296689,52.0894425307358,47.3718104117804,57.993298449393,50.4362821176806,64.3435668346413,69.1326480768911,54.7529842124397,37.5490357230007,47.7357460003138,60.4362107966853
68.8021988161803,66.006789304102,49.9643545893785,59.9807540527309,53.1740467133487,64.9649433863988,52.1504988731989,55.8422821487126,40.266802739501,35.3407605556089,69.7833442710411,54.1765836948158,61.5991526487682,55.0886596722423,65.2523669473274,67.0302604413808,66.4350757849013,51.0104422948782,64.0517770029356,48.3260798016808,57.4628886296689,52.0894425307358,50.6505544455771,57.993298449393,51.7304568222289,64.3435668346413,69.1418313193357,54.7670990684267,39.6989345799722,47.7357460003138,60.5802682946263
68.8021988161803,66.0448480779666,49.9643545893785,61.8083199066768,53.1740467133487,64.9649433863988,52.1504988731989,55.8422821487126,40.266802739501,35.3407605556089,69.7894018128226,54.1765836948158,61.5991526487682,55.0886596722423,65.2523669473274,67.0302604413808,66.4350757849013,51.1620961120442,64.0517770029356,48.331137442261,57.4628886296689,52.0894425307358,52.2633697026736,57.9986199645847,53.39060131725,64.3435668346413,69.1418313193357,54.7803793355507,43.7429410031465,47.7357460003138,60.5802682946263
68.8021988161803,66.061125269928,49.9643545893785,62.6371152548902,53.1740467133487,64.9649433863988,52.1504988731989,55.8422821487126,40.266802739501,35.3407605556089,69.7936372326458,54.1765836948158,61.5991526487682,55.0886596722423,65.2523669473274,67.0302604413808,66.4350757849013,51.3635990737231,64.1034532575467,48.3365094815093,57.4628886296689,52.0894425307358,54.2967656144128,57.9986199645847,55.0769357511513,64.3435668346413,69.1418313193357,54.7838831325909,47.9453951925125,47.7357460003138,60.5802682946263
68.8021988161803,66.0697212919566,49.9643545893785,63.2419861100888,53.1740467133487,64.997983315941,52.1504988731989,55.8422821487126,40.266802739501,35.3407605556089,69.7986065737588,54.1765836948158,61.5991526487682,55.0886596722423,65.2523669473274,67.0302604413808,66.4350757849013,51.3647418685164,64.2119219963205,48.3425867920676,57.4628886296689,52.0894425307358,56.9540774038287,57.9986199645847,55.285108420756,64.3435668346413,69.1418313193357,54.8035494809,52.3593634879434,47.7357460003138,60.5802682946263
68.8021988161803,66.0826228263628,49.9643545893785,63.4701508348689,53.1740467133487,65.1019599191089,52.1504988731989,55.8422821487126,40.266802739501,35.3407605556089,69.8013903174076,54.1765836948158,61.5991526487682,55.0886596722423,65.2523669473274,67.0302604413808,66.4350757849013,51.5656952405503,64.2588023961357,48.3453909753246,57.4628886296689,52.0894425307358,59.942511995939,58.2217108636578,55.5545289746014,64.3435668346413,69.1418313193357,54.8070265228654,54.8811882725323,47.7357460003138,60.5802682946263
68.8021988161803,66.0949507997808,49.9643545893785,63.6678610302339,53.1740467133487,65.1105014944482,52.1504988731989,55.8422821487126,40.266802739501,35.3407605556089,69.8041710442975,54.4867844619399,61.5991526487682,55.0886596722423,65.2523669473274,67.0302604413808,66.4350757849013,51.5656952405503,64.2754389975915,48.3506177937886,57.4628886296689,52.0894425307358,62.5723406005568,58.2217108636578,55.5961829557875,64.3435668346413,69.1418313193357,54.8134672401018,56.8268243469031,47.7357460003138,60.5802682946263
68.8021988161803,66.0949507997808,49.9643545893785,63.8895952695173,53.1740467133487,65.1105014944482,52.1504988731989,55.8422821487126,40.266802739501,35.3407605556089,69.8077293414575,54.6018390340252,61.5991526487682,55.0886596722423,65.2523669473274,67.0302604413808,66.4350757849013,51.5656952405503,64.2833318843092,48.3521993590793,57.4628886296689,52.0894425307358,63.9512554992691,58.2217108636578,55.6265753972793,64.3435668346413,69.1418313193357,54.8162913953217,57.3958190872452,47.7357460003138,60.5802682946263
68.8021988161803,66.0949507997808,49.9643545893785,63.9241174405592,53.1740467133487,65.1400406396923,52.1504988731989,55.8422821487126,40.266802739501,35.3407605556089,69.8089139303169,54.6922174975341,63.1295882744656,55.0886596722423,65.2523669473274,67.0302604413808,66.4350757849013,51.5656952405503,64.2833318843092,48.3521993590793,57.4628886296689,52.0894425307358,65.9897169577054,58.2217108636578,55.7023868461808,64.3435668346413,69.1418313193357,54.8191301475175,58.3143984532388,47.7357460003138,60.5802682946263
68.8021988161803,66.0949507997808,49.9643545893785,63.9241174405592,53.1740467133487,65.1922305391876,52.1504988731989,55.8422821487126,40.266802739501,35.4519091697654,69.8097337417118,54.6922174975341,64.3388268462028,55.0886596722423,65.2523669473274,67.0302604413808,66.4350757849013,51.5656952405503,64.3071713491849,48.3549405771098,57.4628886296689,52.0894425307358,67.3071623978414,58.2217108636578,55.7429554659017,64.3435668346413,69.1418313193357,54.8219494681095,59.0999675551671,47.7357460003138,60.5802682946263
68.8021988161803,66.0949507997808,49.9643545893785,63.9241174405592,53.4599863666435,65.2072366109903,52.1504988731989,55.8422821487126,40.266802739501,35.4519091697654,69.8097337417118,54.747741863761,65.1338237907247,55.0886596722423,65.2523669473274,67.0302604413808,66.4350757849013,51.5656952405503,64.3267111144784,48.3549405771098,57.4628886296689,52.0894425307358,68.1590073496536,58.2217108636578,55.7983993028894,64.3435668346413,69.1418313193357,54.8219494681095,59.4937802221301,47.7983362005876,60.5802682946263
68.8021988161803,66.0949507997808,49.9643545893785,63.9241174405592,56.4874234643816,65.2176661076941,52.1504988731989,55.8422821487126,40.266802739501,35.4519091697654,69.8097337417118,54.7925181880474,66.3665034066154,55.0886596722423,65.2523669473274,67.0302604413808,66.4350757849013,51.5656952405503,64.3360797646548,48.3549405771098,57.4628886296689,52.0894425307358,68.3391885589897,58.2217108636578,55.7983993028894,64.3435668346413,69.1418313193357,54.8222298328372,59.4937802221301,47.8995583756061,60.6281023182653
68.8021988161803,66.0949507997808,49.9643545893785,63.9241174405592,59.5662273581581,65.2239098100819,52.1504988731989,55.8422821487126,40.266802739501,35.4519091697654,69.8097337417118,54.8278406495341,67.1987868351663,55.0886596722423,65.2523669473274,67.0302604413808,66.4350757849013,51.5656952405503,64.3360797646548,48.3549405771098,57.5440621853781,52.0894425307358,68.6790842487047,58.2217108636578,55.7983993028894,64.3435668346413,69.1418313193357,54.8242346679565,59.7173879206057,47.8995583756061,60.6788736545846
68.8021988161803,66.0949507997808,49.9643545893785,63.9241174405592,62.2613422090228,65.2239098100819,52.1504988731989,55.8422821487126,40.266802739501,35.4519091697654,69.8097337417118,54.9012208909011,67.6675833297792,55.0886596722423,65.2523669473274,67.0302604413808,66.4350757849013,51.5656952405503,64.3412525160634,48.3549405771098,57.5681170035458,52.0894425307358,68.7467540384818,58.2217108636578,55.7983993028894,64.3435668346413,69.1418313193357,54.8242346679565,59.7173879206057,47.8995583756061,60.692637629077
68.8021988161803,66.0949507997808,49.9643545893785,63.9241174405592,64.6154920428011,65.2293761365823,52.1504988731989,55.8422821487126,40.266802739501,35.4519091697654,69.8097337417118,54.9346039951541,67.6871490587257,55.0886596722423,65.2523669473274,67.0302604413808,66.4350757849013,51.5656952405503,64.3501634147054,49.037268242331,57.5681170035458,52.0894425307358,68.8742204636315,58.2217108636578,55.7983993028894,64.3435668346413,69.1418313193357,54.8242346679565,59.7173879206057,47.8995583756061,60.7722755975672
68.8021988161803,66.0949507997808,49.9643545893785,63.9241174405592,66.9996362048058,65.2376482895888,52.1504988731989,55.8593903243677,40.266802739501,37.4249012332834,69.8097337417118,54.9432041011587,67.8511975346005,55.0886596722423,65.2523669473274,67.0302604413808,66.4350757849013,51.5656952405503,64.3643088756578,51.6189780315217,57.5681170035458,52.0894425307358,68.9373393448469,58.2217108636578,55.7983993028894,64.3435668346413,69.1418313193357,54.8242346679565,59.7173879206057,47.8995583756061,60.794984594891
68.8021988161803,66.0949507997808,49.9643545893785,63.9241174405592,67.381531606536,65.2378203563718,52.1504988731989,55.8593903243677,40.266802739501,40.177230323701,69.8097337417118,54.9432041011587,67.857672963106,55.0886596722423,65.2523669473274,67.0302604413808,66.4350757849013,51.5656952405503,64.3702018960995,58.0500755054909,57.5681170035458,52.0894425307358,68.9373393448469,58.2217108636578,55.7983993028894,64.3435668346413,69.1418313193357,54.8242346679565,62.2406853205403,47.8995583756061,60.8273796514913
68.8021988161803,66.0949507997808,49.9643545893785,63.9241174405592,67.5909000225032,65.2419912346872,52.1504988731989,55.8593903243677,40.266802739501,43.5071017428623,69.8097337417118,54.9432041011587,67.887328653614,55.0886596722423,65.2523669473274,67.0302604413808,66.4350757849013,51.5656952405503,64.3702018960995,60.154529912512,57.5681170035458,52.0894425307358,68.9373393448469,58.2217108636578,55.7983993028894,64.3435668346413,69.1418313193357,54.8242346679565,64.4094690409658,47.8995583756061,60.8551450627557
68.8021988161803,67.2688202819956,49.9643545893785,63.9241174405592,67.8948351077303,65.2452899339525,52.1504988731989,55.8593903243677,40.266802739501,44.2349407164944,69.8097337417118,54.9432041011587,67.887328653614,55.0886596722423,65.2523669473274,67.0302604413808,66.4350757849013,51.5656952405503,64.3761264115773,64.2295703618199,57.5681170035458,52.0894425307358,68.9373393448469,58.2217108636578,55.7983993028894,64.3435668346413,69.1418313193357,54.8242346679565,66.4280667624512,47.8995583756061,60.8696734405946
68.8021988161803,67.9579324556818,49.9643545893785,63.9241174405592,67.9447894284343,65.247302630593,52.1504988731989,55.8593903243677,40.266802739501,45.4241426029034,69.8097337417118,54.9432041011587,67.887328653614,55.0886596722423,65.2523669473274,67.0302604413808,66.4350757849013,51.5656952405503,64.3773198584504,65.8832747652071,57.5681170035458,52.0894425307358,68.9373393448469,58.2217108636578,55.7983993028894,64.3435668346413,69.1418313193357,54.8242346679565,66.9483358323353,47.8995583756061,60.8917517700182
68.8021988161803,68.2677463025492,49.9643545893785,63.9241174405592,67.9447894284343,65.2494357077,52.1635239641464,55.8593903243677,40.266802739501,46.8475914578956,69.8097337417118,54.9432041011587,67.887328653614,55.0886596722423,65.2523669473274,67.0302604413808,66.4350757849013,51.5656952405503,64.3807246293618,67.1655916884238,57.5681170035458,52.0894425307358,68.9373393448469,58.2217108636578,55.7983993028894,64.3435668346413,69.1418313193357,54.8242346679565,67.0232497817594,47.8995583756061,60.8996432668283
68.8021988161803,68.2677463025492,49.9643545893785,63.9241174405592,67.9447894284343,65.2534443977054,52.1635239641464,55.8593903243677,40.266802739501,47.4206001767408,69.8097337417118,54.9432041011587,67.887328653614,55.0886596722423,65.2523669473274,67.0302604413808,66.4350757849013,51.5656952405503,64.3826788352376,67.4499959258505,57.5681170035458,52.0894425307358,68.9373393448469,58.2217108636578,55.7983993028894,64.3435668346413,69.1418313193357,54.8242346679565,67.5483581784381,47.8995583756061,60.9007851239531
68.8021988161803,68.3898284534024,49.9643545893785,63.9241174405592,67.9447894284343,65.2544437828282,52.1635239641464,55.8593903243677,40.266802739501,47.7754948657499,69.8097337417118,54.9432041011587,67.887328653614,55.0886596722423,65.2523669473274,67.0302604413808,66.4350757849013,51.5656952405503,64.3846116277107,67.5171025006121,57.5681170035458,52.0894425307358,68.9373393448469,58.2217108636578,55.7983993028894,64.3435668346413,69.1418313193357,54.8242346679565,67.6407228379987,47.8995583756061,60.9019348824065
68.8021988161803,68.4590287272503,51.1653700065972,63.9241174405592,67.9447894284343,65.2544437828282,52.1635239641464,55.8593903243677,40.266802739501,48.139831818092,69.8097337417118,54.9432041011587,67.887328653614,55.0886596722423,65.2523669473274,67.0302604413808,66.4350757849013,51.5656952405503,64.3854489120095,67.6061327372913,57.5681170035458,52.0894425307358,68.9373393448469,58.2217108636578,55.7983993028894,64.3435668346413,69.1418313193357,54.8242346679565,67.843007241241,47.8995583756061,60.90436085039
68.8021988161803,68.4835838017965,54.6571814577021,63.9241174405592,67.9447894284343,65.2563613997102,52.1635239641464,55.8593903243677,40.266802739501,48.1484129598115,69.8097337417118,54.9432041011587,67.887328653614,55.0886596722423,65.2523669473274,67.0302604413808,66.4350757849013,51.5656952405503,64.3869450936993,67.629932740478,57.5681170035458,52.0894425307358,68.9373393448469,58.2217108636578,55.7983993028894,64.3435668346413,69.1418313193357,54.8242346679565,67.8644561569267,47.8995583756061,60.9068240698721
68.8021988161803,68.5611186077828,55.1955407958537,63.9241174405592,67.9447894284343,65.2564891745052,52.1635239641464,55.8788035309561,40.266802739501,48.2404745708924,69.8097337417118,54.9432041011587,67.887328653614,55.0886596722423,65.2523669473274,67.0302604413808,66.4350757849013,51.5656952405503,64.389317190417,67.629932740478,57.5681170035458,52.1830487542201,68.9373393448469,58.2956977104254,55.7983993028894,64.3435668346413,69.1418313193357,54.8242346679565,67.9852937284883,47.8995583756061,60.907383833179
68.8021988161803,68.5667496496611,55.9255231024248,63.9241174405592,67.9447894284343,65.2578498173879,52.1635239641464,55.8788035309561,40.266802739501,48.3734552052914,69.8097337417118,54.9432041011587,67.887328653614,55.0886596722423,65.2523669473274,67.0302604413808,66.4350757849013,51.5656952405503,64.3905793710522,67.629932740478,57.5681170035458,54.23622613003,68.9373393448469,58.2956977104254,55.7983993028894,64.3435668346413,69.1418313193357,54.8242346679565,68.0920377568111,47.8995583756061,60.9093448033303
68.8021988161803,68.5922535939493,56.0528027914485,63.9241174405592,67.9447894284343,65.2585441477083,52.1635239641464,55.8788035309561,40.266802739501,48.3819715251449,69.8097337417118,54.9432041011587,67.887328653614,55.0886596722423,65.2523669473274,67.0302604413808,66.4350757849013,51.5746427182359,64.3908123849249,67.629932740478,57.5681170035458,55.4472120210155,68.9373393448469,58.2956977104254,55.7983993028894,64.3435668346413,69.1418313193357,54.8242346679565,68.0983733549421,47.8995583756061,60.9101921595962
68.8021988161803,68.6198496595776,56.2339144720255,63.9241174405592,67.9447894284343,65.2598782943793,52.1635239641464,55.8788035309561,40.266802739501,48.3819715251449,69.8097337417118,54.9432041011587,67.887328653614,55.1989759326839,65.2523669473274,67.0302604413808,66.4350757849013,51.5746427182359,64.3923781304821,67.629932740478,57.5681170035458,57.3159261288099,68.9373393448469,58.2956977104254,55.7983993028894,64.3435668346413,69.1418313193357,54.8242346679565,68.1359169870947,47.8995583756061,60.9110610581885
68.8021988161803,68.6198496595776,56.2339144720255,63.9241174405592,67.9447894284343,65.2605990512807,53.295543745557,55.8788035309561,40.266802739501,48.3819715251449,69.8097337417118,54.9432041011587,67.887328653614,55.1989759326839,65.2523669473274,67.0302604413808,66.4350757849013,51.5746427182359,64.3923781304821,67.629932740478,57.5681170035458,58.9050368958178,68.9373393448469,58.2956977104254,55.7983993028894,64.3435668346413,69.1418313193357,54.8242346679565,68.1784644661062,47.8995583756061,60.9112404384153
68.8021988161803,68.6271053737351,56.2504048954019,63.9241174405592,67.9447894284343,65.2612205356825,54.5773397519027,55.8788035309561,40.266802739501,48.3819715251449,69.8097337417118,54.9432041011587,67.887328653614,55.3872681641494,65.2523669473274,67.0302604413808,66.4350757849013,51.5746427182359,64.3924820022027,67.629932740478,57.5681170035458,60.6520444167713,68.9373393448469,58.2956977104254,55.7983993028894,64.3435668346413,69.1418313193357,54.8242346679565,68.204931861387,47.8995583756061,60.9115191403739
68.8021988161803,68.6369348739722,56.3491177663884,63.9241174405592,67.9447894284343,65.2617220234653,54.7508960198118,55.8788035309561,40.266802739501,48.3819715251449,69.8097337417118,54.9432041011587,67.887328653614,55.3872681641494,65.2523669473274,67.0302604413808,66.4350757849013,51.5746427182359,64.3929628886402,67.629932740478,57.5681170035458,62.2858616207342,68.9373393448469,58.2956977104254,55.7983993028894,64.3435668346413,69.1418313193357,54.8242346679565,68.2325505306559,47.8995583756061,60.9116224515217
68.8021988161803,68.6382935513302,56.3491177663884,63.9241174405592,67.9447894284343,65.2622330266567,54.9025581978746,55.8788035309561,40.266802739501,48.3819715251449,69.8097337417118,54.9432041011587,67.887328653614,55.4232309021453,65.2523669473274,67.0302604413808,66.4350757849013,51.5746427182359,64.3931043845333,67.629932740478,57.5681170035458,63.3507185450276,68.9373393448469,58.2956977104254,55.7983993028894,64.3435668346413,69.1418313193357,54.8242346679565,68.2325505306559,49.7754702985277,60.9116869052651
68.8021988161803,68.6432964652888,56.3511462075189,63.9241174405592,67.9447894284343,65.262332577017,54.9317567093903,55.8788035309561,40.266802739501,48.3819715251449,69.8097337417118,54.9432041011587,67.887328653614,55.4531743978766,65.2523669473274,67.0302604413808,66.4350757849013,51.5746427182359,64.3936368919201,67.629932740478,57.5681170035458,63.4197729444925,68.9373393448469,58.2956977104254,55.7983993028894,64.3435668346413,69.1418640251507,54.8242346679565,68.2325505306559,50.699859606644,60.9116869052651
49.3558094470801,50.6361890242792,49.9158818385115,54.6028183840333,45.6225769362504,17.4040484418928,50.3158549039839,55.5309759030779,23.3031939049594,27.4690527196869,49.2964792703642,39.6964517964772,55.7469417368237,30.9622184877145,57.2273486880193,23.6945669549651,56.4984168330086,45.4797804328771,29.6768963064867,48.564131992586,32.6935960203355,48.1617736843423,60.2649414622283,49.3289058440538,27.1479919522665,58.5547408285973,35.472094897605,29.9236553662728,20.9359410530287,47.5693509673869,60.2350659655937
50.300865799265,55.0228270249289,50.7241746211752,58.6214228871567,54.8572145609476,56.7536896700411,50.4367335710827,57.922066095667,25.6420140808892,29.9393848523745,54.2962442532003,48.7541092275334,56.7619349468147,48.1669946537853,62.2937573527504,59.9920186097817,57.1703937877106,55.6047634851124,55.5233328116789,48.566939613154,34.6405986844044,56.1629760382975,60.6072871946387,50.1402503147336,38.3009956334708,60.0402513246446,49.8560452032963,39.1746146589307,58.1652625302755,48.4664698744966,60.2353764585544
54.4461392670646,57.9457138228008,50.8541037107712,60.0368505763486,56.4084336387881,57.0633849709017,52.0932116890139,60.6342470664079,26.3551383237496,30.6989870304974,56.1036142964095,50.4197054475348,56.7813590672337,49.142132335079,63.6108339814319,60.2413535908765,57.3749232893305,55.9696346151676,57.1997605648277,50.5901612883934,38.1153467794069,57.018768802309,61.7172245389813,52.589359179313,38.9411299261396,60.8392160946828,53.1322275234008,40.5614853084619,60.108791871822,50.7825975037175,63.146752179529
59.4944171838112,60.7960954890575,53.1918010224259,66.318566351381,57.9126972008701,58.0061156633782,53.9401392852876,61.1325309003832,28.4910074780731,36.4782363789239,57.6775426097509,51.4956456825885,59.3004202081663,51.0971545399676,65.5075301187177,64.1823438606654,58.4658819258034,56.6817726673279,57.9605263841472,51.2753589970436,41.6945640720687,57.5532142378986,62.3949240164794,54.2575500385185,41.500010800073,62.7404389825008,56.3708260937746,41.7214061611501,62.6036326294767,51.2908133411468,66.1051478711247
61.7681439091084,62.6030769658318,57.8275477654698,67.9079542797145,59.4752871709612,59.5972993671789,55.1517657687622,61.4010658313334,30.7318679044855,39.9777401302115,58.0505658281691,52.694296244897,61.1479393653985,52.4451485002403,66.3879883389014,65.868680350172,59.1821409051087,57.6436947560659,59.3173277641284,53.6669980013064,43.851159600998,57.7755398890242,63.6693203328788,54.4258447010616,42.5417448221201,64.2637318064891,56.9412611555865,44.1787492914264,64.5395051874576,52.2061938984228,67.6895867590472
63.620586684717,63.3792180776565,59.816167575997,67.9128721127197,61.9937105173188,62.4293296833038,55.2520564284123,61.5030064131956,32.7763647218274,42.0350269231308,58.0505658281691,53.6006375222928,61.2713311394575,53.1367114839605,66.5906383711714,67.6802727727502,60.8769574508741,58.8872447332219,60.1183576585388,54.52386509402,45.1018198941514,58.069741779056,64.5526796171056,54.5013967004158,43.3437609393193,66.4072652496135,57.241827822013,45.2912407162994,66.4661555911677,53.6499772795138,68.3043589696939
65.4206747951552,64.181312814678,60.1979805023153,67.9128721127197,64.9859830678846,63.9977507644411,55.2520564284123,61.684280080932,33.3745089355026,42.5978694333848,58.5588184503326,53.9280604682698,61.2845057009344,54.06654461144,67.0833899871201,67.6802727727502,61.197677157786,59.7527636022232,60.3605240320009,56.237663180513,45.61395690351,58.9363129359781,64.9372891614623,54.566562289568,44.4340228371332,67.5153930921736,57.824994408502,45.8892640103518,66.5321554111975,54.0003255226419,68.6209825869186
66.078901510464,64.9481661615503,60.8720488334951,67.9128721127197,66.5252907313402,64.0455726185117,55.5166127692563,61.7374529286148,34.2622012108971,42.5978694333848,58.7176085226123,54.1707423260109,61.295424021653,54.6548164923237,67.2820911330643,68.4834398604344,61.4779194537963,60.4520564759732,60.3641579681389,56.435189375308,45.8730790051393,59.7891118489365,65.1433573022601,54.6731052348033,44.82420599512,67.5153930921736,57.824994408502,47.0803381333408,66.5497520161847,54.1142635274371,68.6434744063374
67.0303907384878,65.4296654457497,61.6177685461478,67.9128721127197,66.5252907313402,64.3194403896896,55.5471758409682,61.7638928712443,34.4863032022193,42.606188640698,58.889224823305,54.2260501937171,61.4940083508175,54.6548164923237,67.5867308220702,68.4834398604344,61.4841970222199,60.5135778728123,60.5352263145435,56.8577176152136,45.9538808960809,60.2822316154643,65.1988998456455,54.6731052348033,45.2368063501815,67.5689026891054,57.824994408502,47.8199773280746,66.7776482553215,54.6835924484533,68.6434744063374
67.0303907384878,65.9544516757039,61.6291204943514,68.3525565972334,66.5252907313402,64.3194403896896,55.6098124356077,61.8234818997601,34.4863032022193,42.606188640698,59.1099375601501,54.4172444578104,61.87431463174,54.6548164923237,67.5867308220702,68.4834398604344,61.4841970222199,60.9983633388877,60.5352263145435,56.9048738795506,46.070168576594,60.8413532395957,65.1988998456455,54.7259295055516,45.6556293008417,67.5689026891054,57.824994408502,47.8199773280746,66.7776482553215,54.8826295623106,68.9143458696229
67.6115572201693,66.1213903625509,61.6291204943514,68.3525565972334,66.7563710514792,64.3194403896896,55.6219027927358,61.8234818997601,34.4863032022193,42.6647755095699,59.1155357290342,54.4574069128358,61.87431463174,54.6548164923237,67.5867308220702,68.8783954555293,61.4841970222199,61.1147432536943,60.5352263145435,56.9048738795506,46.3452893449171,60.8413532395957,65.1988998456455,54.7259295055516,45.892409208699,67.5689026891054,57.824994408502,48.017807150873,66.7776482553215,54.8826295623106,69.020758556649
68.0306295274413,66.1213903625509,61.6291204943514,68.3525565972334,66.7563710514792,64.3194403896896,55.7027354431381,61.8404994532181,34.4863032022193,42.7321649996945,59.2301591420431,54.4574069128358,61.87431463174,54.6548164923237,67.5867308220702,68.9372404422778,61.4841970222199,61.1147432536943,60.5352263145435,57.1219420767184,46.3452893449171,60.8900207652181,65.1988998456455,54.7259295055516,45.892409208699,67.7752153430178,57.824994408502,48.2012121320713,66.7776482553215,54.8826295623106,69.020758556649
68.130852303333,66.1213903625509,61.6291204943514,68.3525565972334,66.7563710514792,64.3901914709987,55.7027354431381,61.8489488893771,34.4863032022193,42.7321649996945,59.2734358595676,54.4574069128358,61.87431463174,54.6548164923237,67.5867308220702,68.9372404422778,61.5418704122573,61.1147432536943,60.6437820864461,57.1379720848718,46.3452893449171,61.0298039362809,65.1988998456455,54.7259295055516,45.892409208699,67.9899948548449,57.824994408502,48.6587187572163,67.0403977374336,54.8826295623106,69.1853031470073
68.1649186723662,66.1213903625509,61.6291204943514,68.3525565972334,66.7563710514792,64.3901914709987,55.7178721686758,61.8544872528055,34.4863032022193,43.369084850536,59.2932856830525,54.4574069128358,61.87431463174,54.6548164923237,67.5867308220702,68.9372404422778,61.6184222650566,61.1307724749861,60.750284125256,57.2255791310282,46.3452893449171,61.0629584943387,65.1988998456455,54.7259295055516,45.892409208699,68.1048515912844,57.824994408502,48.7146575630893,67.0403977374336,54.8826295623106,69.226114724421
68.1649186723662,66.1213903625509,61.6291204943514,68.3525565972334,66.7563710514792,64.3901914709987,55.7426984858916,61.8624061185037,34.4863032022193,43.3846460023219,59.2955342899976,54.4574069128358,61.87431463174,54.6548164923237,67.5867308220702,68.9372404422778,61.6184222650566,61.1307724749861,60.7512779743135,57.2255791310282,46.3452893449171,61.0682414416432,65.1988998456455,54.7259295055516,45.892409208699,68.1691893346454,57.824994408502,48.9212443980903,67.0403977374336,54.8826295623106,69.3104530782868
68.1782107851108,66.1213903625509,61.6291204943514,68.3525565972334,66.7563710514792,64.3901914709987,55.7494876897858,61.86772263025,34.4863032022193,43.3846460023219,59.3341736902946,54.4574069128358,61.87431463174,54.6548164923237,67.6177782045398,68.9372404422778,61.629973312623,61.1307724749861,60.8182473808804,57.2255791310282,46.3452893449171,61.0682414416432,65.1988998456455,54.7259295055516,45.892409208699,68.2148771568655,57.824994408502,48.9782155633354,67.0403977374336,54.8826295623106,69.3522803987276
68.1782107851108,66.1213903625509,61.6291204943514,68.3525565972334,66.7563710514792,64.8350891847345,55.7656215950504,61.8689351916881,34.4863032022193,43.3846460023219,59.3575323736606,54.4574069128358,61.87431463174,54.6548164923237,67.6177782045398,68.9372404422778,61.6654557256993,61.1307724749861,60.8182473808804,57.2255791310282,46.3452893449171,61.1624616820549,65.1988998456455,54.7259295055516,45.892409208699,68.2401442966094,57.824994408502,48.9782155633354,67.0403977374336,54.8826295623106,69.3951196048135
68.1782107851108,66.1213903625509,61.6291204943514,68.3525565972334,66.7563710514792,64.8350891847345,55.7656215950504,61.8689351916881,34.4863032022193,43.3846460023219,59.3761061305406,54.4574069128358,61.87431463174,54.6548164923237,67.6177782045398,68.9372404422778,61.7716779660453,61.1307724749861,60.8182473808804,57.2255791310282,46.3452893449171,61.3448584371811,65.1988998456455,54.7259295055516,45.892409208699,68.2826751960867,57.824994408502,49.0611326740196,67.0403977374336,54.8826295623106,69.4466439856517
68.1782107851108,66.1213903625509,61.6291204943514,68.3525565972334,66.9689855880772,64.8350891847345,55.7740595153736,61.8689351916881,34.4863032022193,43.3846460023219,59.3911337319381,54.4574069128358,61.9524722177008,54.6548164923237,67.6177782045398,68.9372404422778,61.7732304912713,61.1307724749861,60.8182473808804,57.2255791310282,46.3452893449171,61.3448584371811,65.1988998456455,54.7259295055516,45.892409208699,68.334205502731,57.824994408502,49.0756245810268,67.0403977374336,54.8826295623106,69.4573385251572
68.1782107851108,66.1213903625509,61.6291204943514,68.3525565972334,66.9689855880772,64.8350891847345,55.7754152773982,61.8689351916881,34.4863032022193,43.3846460023219,59.3978975153841,54.4574069128358,61.9524722177008,54.6548164923237,67.6177782045398,68.9372404422778,61.8088079325352,61.1307724749861,60.8182473808804,57.2255791310282,46.3452893449171,61.3448584371811,65.1988998456455,54.7259295055516,45.892409208699,68.3567288769176,57.824994408502,49.0756245810268,67.0800546808974,54.8826295623106,69.4591440700217
68.1869557638843,66.1213903625509,61.6291204943514,68.3525565972334,66.9689855880772,64.8350891847345,55.7754152773982,61.8689351916881,34.4863032022193,43.3846460023219,59.4102724471712,54.4574069128358,61.9524722177008,54.6548164923237,67.6177782045398,68.9372404422778,61.8439572657981,61.1307724749861,60.8182473808804,57.2255791310282,46.3452893449171,61.3448584371811,65.1988998456455,54.7259295055516,45.892409208699,68.3567288769176,57.824994408502,49.0756245810268,67.1395150175791,54.8826295623106,69.4830763350719
68.7587695274949,66.1213903625509,61.6291204943514,68.3525565972334,66.9689855880772,64.8350891847345,55.7754152773982,61.8689351916881,34.4863032022193,43.9193587108846,59.4164729151651,54.4574069128358,61.9524722177008,54.6548164923237,67.6177782045398,68.9372404422778,61.8462114300707,61.1307724749861,60.8182473808804,57.2255791310282,46.3452893449171,61.3448584371811,65.1988998456455,54.7259295055516,49.273772959641,68.3620185803288,57.824994408502,49.0756245810268,67.1395150175791,54.8826295623106,69.4830763350719
68.9108795184499,66.1213903625509,61.6291204943514,68.3525565972334,66.9689855880772,64.8350891847345,55.7754152773982,61.8689351916881,34.4863032022193,46.5560672178571,59.4266333372323,54.4574069128358,61.9524722177008,54.7904871265175,67.6177782045398,68.9372404422778,61.8624922975019,61.1307724749861,60.8182473808804,57.2255791310282,46.3452893449171,61.3448584371811,65.1988998456455,54.7259295055516,52.3259289266603,68.3842794453878,57.824994408502,49.0756245810268,67.1395150175791,54.8826295623106,69.4852282669158
69.3360573604131,66.1213903625509,61.6291204943514,68.3525565972334,66.9689855880772,64.8350891847345,55.7754152773982,61.8689351916881,34.4863032022193,51.0847546701951,59.4266333372323,54.4574069128358,61.9524722177008,54.8401813758367,67.6177782045398,68.9372404422778,61.8624922975019,61.1307724749861,60.8182473808804,57.2255791310282,46.3452893449171,61.3448584371811,65.1988998456455,54.7259295055516,56.2221732835851,68.4216907864463,57.824994408502,49.0756245810268,67.1395150175791,54.8826295623106,69.491481877463
69.3555255515688,66.1213903625509,61.6291204943514,68.3525565972334,66.9689855880772,64.8350891847345,55.7754152773982,61.8689351916881,34.4863032022193,53.6308443844101,59.4266333372323,54.4574069128358,61.9524722177008,54.886497569653,67.6177782045398,68.9372404422778,61.8790502685095,61.1307724749861,60.8182473808804,57.2255791310282,46.3452893449171,61.3448584371811,65.1988998456455,54.7259295055516,58.2815560992518,68.4277304214214,57.824994408502,49.0756245810268,67.1395150175791,54.8826295623106,69.4944258742903
69.3793385715623,66.1213903625509,61.6291204943514,68.3525565972334,66.9689855880772,64.8350891847345,55.7754152773982,61.8689351916881,34.4863032022193,58.3189998800403,59.4266333372323,54.4574069128358,61.9524722177008,54.886497569653,67.6177782045398,68.9372404422778,61.8856513002845,61.1307724749861,60.8182473808804,57.2255791310282,46.3452893449171,61.3448584371811,65.1988998456455,54.7259295055516,60.240584593455,68.4277304214214,57.9566575834186,49.0756245810268,67.1395150175791,54.8826295623106,69.4944258742903
69.4236798098565,66.1213903625509,61.6291204943514,68.3525565972334,66.9689855880772,64.8350891847345,55.7754152773982,61.8689351916881,34.4863032022193,59.921996192808,59.4266333372323,54.4574069128358,61.9524722177008,54.886497569653,67.6177782045398,68.9372404422778,61.8911311596757,61.1307724749861,60.8182473808804,57.2255791310282,46.3452893449171,61.3448584371811,65.1988998456455,54.7259295055516,62.7984705041882,68.4277304214214,57.9566575834186,49.0756245810268,67.1395150175791,54.8826295623106,69.495499873079
69.646219484088,66.1213903625509,61.6291204943514,68.3525565972334,66.9689855880772,64.8350891847345,55.7754152773982,61.8689351916881,34.4863032022193,60.6057859604245,59.4266333372323,54.4574069128358,61.9524722177008,54.886497569653,67.6177782045398,68.9372404422778,61.8967961395446,61.1307724749861,60.8182473808804,57.2255791310282,46.3452893449171,61.3448584371811,65.1988998456455,54.7259295055516,65.75121799343,68.4277304214214,57.9566575834186,49.0756245810268,67.1395150175791,54.8826295623106,69.495499873079
69.6618732633261,66.1213903625509,61.6291204943514,68.3525565972334,66.9689855880772,64.8350891847345,55.7754152773982,61.8689351916881,34.4863032022193,61.614580264132,59.4266333372323,54.4574069128358,61.9524722177008,54.886497569653,67.6177782045398,68.9372404422778,61.8967961395446,61.1307724749861,60.8182473808804,57.2255791310282,46.3452893449171,61.3448584371811,65.1988998456455,54.7259295055516,67.4219985647988,68.4277304214214,57.9566575834186,49.0756245810268,67.1395150175791,54.8826295623106,69.495499873079
69.6618732633261,66.1213903625509,61.6291204943514,68.3525565972334,66.9689855880772,64.8350891847345,55.7754152773982,61.8689351916881,34.4863032022193,61.6971963648246,59.4266333372323,54.4574069128358,61.9524722177008,54.886497569653,67.6177782045398,68.9372404422778,61.8967961395446,61.1307724749861,60.8182473808804,57.2255791310282,46.3452893449171,61.3448584371811,65.1988998456455,54.7259295055516,68.3400992879809,68.4277304214214,57.9566575834186,49.0756245810268,67.1395150175791,54.8826295623106,69.495499873079
69.7307967680798,66.1213903625509,61.6291204943514,68.3525565972334,66.9689855880772,64.8350891847345,55.7754152773982,61.8689351916881,34.4863032022193,61.6971963648246,59.4266333372323,54.4574069128358,61.9524722177008,54.886497569653,67.6177782045398,68.9372404422778,61.8967961395446,61.2251541108679,60.8182473808804,57.2255791310282,46.3452893449171,61.3448584371811,65.1988998456455,54.7259295055516,68.7695727421672,68.4277304214214,57.9566575834186,49.0756245810268,67.1395150175791,54.8826295623106,69.495499873079
69.7524542772415,66.1213903625509,61.6291204943514,68.3525565972334,66.9689855880772,64.8350891847345,55.7754152773982,61.8689351916881,34.4863032022193,61.6971963648246,59.4266333372323,54.4574069128358,61.9524722177008,54.886497569653,67.6177782045398,68.9372404422778,61.8967961395446,61.2251541108679,60.8182473808804,57.2255791310282,46.3452893449171,61.3448584371811,65.1988998456455,54.7259295055516,68.9403906606671,68.4277304214214,57.9566575834186,49.0756245810268,67.1395150175791,54.8826295623106,69.495499873079
69.7628515914562,66.1213903625509,61.6291204943514,68.3525565972334,66.9689855880772,64.8350891847345,55.7754152773982,61.8689351916881,34.4863032022193,61.6971963648246,59.4266333372323,54.4574069128358,61.9524722177008,54.886497569653,67.6177782045398,68.9372404422778,61.8967961395446,61.2251541108679,60.8182473808804,57.2255791310282,46.3452893449171,61.3448584371811,65.1988998456455,54.7259295055516,68.9403906606671,68.4277304214214,57.9566575834186,49.0756245810268,67.1395150175791,54.8826295623106,69.495499873079
69.8161520427669,66.1213903625509,61.6291204943514,68.3525565972334,66.9689855880772,64.8350891847345,55.7754152773982,61.8689351916881,34.4863032022193,61.6971963648246,59.4266333372323,54.4574069128358,61.9524722177008,54.886497569653,67.6177782045398,68.9372404422778,61.8967961395446,61.2251541108679,60.8182473808804,57.2255791310282,46.3452893449171,61.3448584371811,65.1988998456455,54.7259295055516,68.9403906606671,68.4277304214214,57.9566575834186,49.0756245810268,67.1395150175791,54.8826295623106,69.495499873079
69.8204897937035,66.1213903625509,61.6291204943514,68.3525565972334,66.9689855880772,64.8350891847345,55.7754152773982,61.8689351916881,35.7767502022167,61.6971963648246,59.4266333372323,54.4574069128358,61.9524722177008,54.886497569653,67.6177782045398,68.9372404422778,61.8967961395446,61.2251541108679,60.8182473808804,57.2255791310282,46.3452893449171,61.3448584371811,65.1988998456455,54.7259295055516,68.9403906606671,68.4277304214214,57.9566575834186,49.0756245810268,67.1395150175791,54.8826295623106,69.495499873079
69.8425262446244,66.1213903625509,61.6291204943514,68.3525565972334,66.9689855880772,64.8350891847345,55.7754152773982,61.8689351916881,38.7371773644419,61.6971963648246,59.4266333372323,54.4574069128358,61.9524722177008,54.886497569653,67.6177782045398,68.9372404422778,61.8967961395446,61.2251541108679,60.8182473808804,57.2255791310282,46.3452893449171,61.3448584371811,65.1988998456455,54.7259295055516,68.9403906606671,68.4277304214214,57.9566575834186,49.0756245810268,67.1395150175791,54.8826295623106,69.495499873079
69.8472778952169,66.1213903625509,61.6291204943514,68.3525565972334,67.3229327125712,64.8350891847345,55.7754152773982,61.8689351916881,40.726060506997,61.6971963648246,59.4266333372323,54.4574069128358,61.9524722177008,54.886497569653,67.6177782045398,68.9372404422778,61.8967961395446,61.2251541108679,60.8182473808804,57.2255791310282,46.3452893449171,61.3448584371811,65.1988998456455,54.7259295055516,68.9403906606671,68.4277304214214,57.9566575834186,49.0756245810268,67.1395150175791,54.8826295623106,69.495499873079
69.8522062027257,66.1213903625509,61.6291204943514,68.3525565972334,67.3229327125712,64.8350891847345,55.7754152773982,61.8689351916881,43.5506231049288,61.6971963648246,59.4266333372323,54.4574069128358,61.9524722177008,54.886497569653,67.6177782045398,68.9372404422778,61.8967961395446,61.2251541108679,60.8182473808804,57.2255791310282,46.3452893449171,61.3448584371811,65.1988998456455,54.7259295055516,69.0298958108801,68.4277304214214,58.0714454235994,49.0756245810268,67.1395150175791,54.8826295623106,69.495499873079
69.856899423884,66.1213903625509,61.6291204943514,68.3525565972334,67.3229327125712,64.8350891847345,55.7754152773982,61.8689351916881,44.7467333190486,61.6971963648246,59.4266333372323,54.4574069128358,61.9524722177008,54.886497569653,67.7691791529041,68.9372404422778,61.8967961395446,61.2251541108679,60.8182473808804,57.2255791310282,46.3452893449171,61.3448584371811,65.1988998456455,54.7259295055516,69.0298958108801,68.4277304214214,58.0714454235994,49.0756245810268,67.1395150175791,54.8826295623106,69.495499873079
69.8625903861661,66.1213903625509,61.6291204943514,68.3525565972334,67.3229327125712,64.8350891847345,55.7754152773982,61.8689351916881,47.6512627949328,61.6971963648246,59.4266333372323,54.4574069128358,61.9524722177008,54.886497569653,67.82513887215,68.9372404422778,61.8967961395446,61.2251541108679,60.8182473808804,57.2255791310282,46.3452893449171,61.3448584371811,65.1988998456455,54.7259295055516,69.0298958108801,68.4277304214214,58.0714454235994,49.0756245810268,67.1395150175791,54.8826295623106,69.495499873079
69.870684693763,66.1213903625509,61.6291204943514,68.3525565972334,67.3229327125712,64.8350891847345,55.7754152773982,61.8689351916881,50.2730354115947,61.6971963648246,59.4266333372323,54.4574069128358,61.9524722177008,54.886497569653,67.82513887215,68.9372404422778,61.8967961395446,61.2251541108679,60.8182473808804,57.2255791310282,46.3452893449171,61.3448584371811,65.1988998456455,54.7259295055516,69.0298958108801,68.4277304214214,58.0714454235994,49.0756245810268,67.1395150175791,54.8826295623106,69.495499873079
69.8720286977489,66.1213903625509,61.6291204943514,68.3525565972334,67.3229327125712,64.8350891847345,55.7754152773982,61.8689351916881,51.5253286316826,61.6971963648246,59.4266333372323,54.4574069128358,61.9524722177008,54.886497569653,67.82513887215,69.0332650339848,61.8967961395446,61.2251541108679,60.8182473808804,57.2255791310282,46.3452893449171,61.3448584371811,65.1988998456455,54.7281375883882,69.0298958108801,68.4277304214214,58.0714454235994,49.0756245810268,67.1395150175791,54.8826295623106,69.495499873079
69.8720286977489,66.1213903625509,61.6291204943514,68.3525565972334,67.3229327125712,64.8350891847345,55.7754152773982,61.8689351916881,52.9906974228038,61.8887971464483,59.4266333372323,54.4574069128358,61.9524722177008,54.886497569653,67.8427745255043,69.0332650339848,61.8967961395446,61.2251541108679,60.8182473808804,57.2255791310282,46.3452893449171,61.3448584371811,65.1988998456455,54.7281375883882,69.0298958108801,68.4277304214214,58.0714454235994,49.0756245810268,67.1395150175791,54.8826295623106,69.495499873079
69.8756880797058,66.1213903625509,61.6291204943514,68.3525565972334,67.3229327125712,64.8350891847345,55.7754152773982,61.8689351916881,53.6009434535159,61.8887971464483,59.4266333372323,54.4574069128358,61.9524722177008,54.886497569653,67.8484560136659,69.0332650339848,61.8967961395446,61.2251541108679,60.8182473808804,57.2255791310282,46.3452893449171,61.3448584371811,65.3303064946187,54.7281375883882,69.0298958108801,68.4277304214214,58.0714454235994,49.0756245810268,67.1395150175791,54.8826295623106,69.495499873079
69.8756880797058,66.1213903625509,61.6291204943514,68.3525565972334,67.3229327125712,64.8350891847345,55.7754152773982,61.8689351916881,53.6773962593539,61.8887971464483,59.4266333372323,54.4574069128358,61.9524722177008,54.886497569653,67.882318652093,69.0332650339848,61.8967961395446,61.2251541108679,60.8182473808804,57.2255791310282,46.3452893449171,61.3448584371811,65.3303064946187,54.7281375883882,69.0863643242901,68.4277304214214,58.0714454235994,49.0756245810268,67.1395150175791,54.8826295623106,69.495499873079
69.8756880797058,66.1213903625509,61.6291204943514,68.3525565972334,67.3229327125712,64.8350891847345,55.7754152773982,61.8689351916881,53.6773962593539,61.8887971464483,59.4266333372323,54.4574069128358,61.9524722177008,54.886497569653,67.8928587104934,69.0332650339848,61.8967961395446,61.2251541108679,60.8182473808804,57.2255791310282,46.3452893449171,61.3448584371811,65.3303064946187,54.7281375883882,69.0863643242901,68.4277304214214,58.0714454235994,49.0756245810268,67.1395150175791,54.8826295623106,69.495499873079
69.8756880797058,66.1213903625509,61.6291204943514,68.3525565972334,67.3229327125712,64.8350891847345,55.7754152773982,61.8689351916881,53.6773962593539,61.8887971464483,59.4266333372323,54.4574069128358,61.9524722177008,54.886497569653,67.9170646248408,69.0332650339848,61.8967961395446,61.2251541108679,60.8182473808804,57.2255791310282,46.3452893449171,61.3448584371811,65.3530951672518,54.7281375883882,69.0863643242901,68.4277304214214,58.0714454235994,49.0756245810268,67.1395150175791,54.8826295623106,69.495499873079
69.8756880797058,66.1213903625509,61.6291204943514,68.3525565972334,67.3229327125712,64.8350891847345,55.7754152773982,61.8689351916881,53.6773962593539,61.8887971464483,59.4266333372323,54.4574069128358,61.9524722177008,54.886497569653,67.9251873317579,69.0332650339848,61.8967961395446,61.2251541108679,60.8182473808804,57.2255791310282,46.3452893449171,61.3448584371811,65.3530951672518,54.7281375883882,69.0863643242901,68.4277304214214,58.0714454235994,49.0756245810268,67.1395150175791,54.8826295623106,69.495499873079
69.8756880797058,66.1213903625509,61.6291204943514,68.3525565972334,67.3229327125712,64.8350891847345,55.7754152773982,61.8689351916881,53.6773962593539,61.8887971464483,59.4266333372323,54.4574069128358,61.9524722177008,54.886497569653,67.9330959938522,69.0332650339848,61.8967961395446,61.2251541108679,60.8182473808804,57.2255791310282,46.3452893449171,61.3448584371811,65.3530951672518,54.7281375883882,69.0863643242901,68.4277304214214,58.0714454235994,49.0756245810268,67.1395150175791,54.8826295623106,69.495499873079
69.8756880797058,66.1213903625509,61.6291204943514,68.3525565972334,67.3229327125712,64.8350891847345,55.7754152773982,61.8689351916881,53.7159134995329,61.8887971464483,59.4266333372323,54.4574069128358,61.9524722177008,54.886497569653,67.9335097923888,69.0332650339848,61.8967961395446,61.2251541108679,60.8182473808804,57.2255791310282,46.3452893449171,61.3448584371811,65.3530951672518,54.7281375883882,69.0863643242901,68.4277304214214,58.0714454235994,49.0756245810268,67.1395150175791,54.8826295623106,69.495499873079
69.8756880797058,66.1213903625509,61.6291204943514,68.3525565972334,67.3229327125712,64.8350891847345,55.7754152773982,61.8689351916881,53.7159134995329,61.8887971464483,59.4266333372323,54.4574069128358,61.9524722177008,54.886497569653,67.9371076901472,69.0332650339848,61.8967961395446,61.2251541108679,60.8182473808804,57.2255791310282,46.3452893449171,61.3448584371811,65.3530951672518,54.7281375883882,69.0863643242901,68.4277304214214,58.0714454235994,49.0756245810268,67.1395150175791,54.8826295623106,69.495499873079
