-86.5933698659789,-67.0463492609825,-118.653212620183,-178.028634867096,-85.3254355460252,-350.495525824246,-72.2958170688818,-79.8008906968447,-68.2699172954486,-81.7832108182666,-394.116405178696,-89.3035463501836,-106.903012462193,-49.7648393116276,-235.99322406676,-43.5686648933086,-79.5945266912943,-161.630033640628,-232.403226326094,-96.0402710282939,-321.394917789505,-94.5195302660024,-149.750223483858,-88.0973685678892,-169.36456002794,-107.605357927904,-169.568784471711,-178.12083920535,-85.9503630284931,-246.718842214842,-201.892609849564
-0.750725686409798,23.7231622219891,26.992721337652,-14.7393963954602,31.6161303248247,35.1610457006851,29.8863880777467,35.6629547604906,13.1905780483913,44.2048382367292,-113.560797725736,-0.642103602846809,7.22945223354904,20.4473301372573,-13.4223218834167,8.43334368221999,37.0468735763907,-19.8317485365327,-21.7600864676929,18.2803127980241,-8.2087604049536,30.055987376822,-12.1250940685912,46.977707776707,4.91458290312375,7.13988633908516,-31.8519480971124,23.2378810102888,42.5077310660337,6.93347239748766,-71.5394554156157
19.335793296882,32.7896294494283,26.992721337652,-4.32217383155826,35.9788793254851,38.142407831558,31.210630036036,43.0017802509991,21.4768981071447,57.6340481966865,11.9748656379518,36.8376627820815,7.63025003759611,37.2565827121344,50.7860674318186,39.3852826399328,43.2616378098092,29.4378172994131,33.8578009055379,32.5550709476606,30.7176238530279,34.5451032893759,23.1916258898757,57.475251697813,26.3197073378501,16.2617561334138,29.2050752918178,42.0389469240074,48.0660086776178,14.8774368696019,-20.1789440827741
25.095744921782,46.9395065776452,48.7547589716161,9.52470058898086,43.1410757703719,40.9865542753661,42.0739577086531,43.8622829439593,23.5208216924757,59.099613878867,27.7377924807485,42.1690356162122,41.158907922597,39.5112970698515,52.5783727930556,41.7811387041713,44.8218428928523,49.4467563119061,36.6820159587057,40.8647911270212,57.4086483960591,38.257705746254,25.2379787293104,58.9733644120832,26.3197073378501,22.6304495254054,45.9759515183698,47.2576048593451,53.1778349722507,23.6368871040866,26.2352313289741
36.6766258465062,54.0668668884249,51.9494213322985,12.3546986545036,49.4723055955905,43.0126071549325,51.0690292790734,44.0750786578339,29.4457892469511,65.2940680620139,39.7760278486665,50.8653865389448,42.6861292881072,50.2605285789268,54.1666313379501,46.247269442548,48.312410745752,58.9426472995899,46.6335432778131,42.2266319152274,57.4086483960591,39.0903875881676,43.5268688125086,62.9996124053582,36.107658444219,31.5176501245444,48.0192211382315,50.9855820778334,54.3428049298399,23.8403835722555,33.6553091445923
41.9164857969891,58.4646217572514,52.0408660959568,33.3046221102076,52.544277559979,47.168871979413,51.5988632806884,44.437235003735,34.5723918581338,67.0880291541176,39.7760278486665,52.443152955261,47.2868555174878,50.3222311687595,54.9437823693544,50.195131092678,48.8870740320384,58.9426472995899,49.8812473189031,42.3025429044832,58.063620210251,39.4436523317822,46.0571858272784,63.065733855949,36.4693063529905,33.2622818436058,48.2894667064683,52.078767593542,54.3905125278435,25.1559025886178,39.0860095070322
45.518186967906,60.3324758712652,54.4652885880791,33.5713988098939,53.2227504712281,47.7243068253031,52.7224428906758,44.5417605426803,35.7653254923303,68.5492361430683,39.7760278486665,53.5279951403291,49.226412753304,52.1251008147867,56.2385376516592,51.7487771410267,49.0260631898953,60.5194268903227,55.8929255203835,44.9121952081263,58.1922652723239,39.9305138914433,46.7434645172618,63.577088935078,38.8755400171393,34.2047472288756,48.374965211837,52.4382966626506,55.4103731191737,26.077765342453,43.0247458677811
47.2193868060817,61.0255754464109,56.1143448862284,41.3941086024903,53.7692715057128,48.4049899288269,53.1065047089563,44.6252428936021,35.8663570399574,68.5542504475109,40.6420454224161,54.5187676162165,49.6762104760459,52.5143936756953,57.7508631393802,52.0625329703868,49.395092362763,60.6597622523789,56.2559139200115,45.0743653222322,58.1922652723239,41.3136639148526,47.3151563496478,63.7708137490511,39.0540269884232,35.6456844388555,48.449846056503,52.5024313995278,55.7631091626899,26.077765342453,48.1058403833608
47.9592797353017,61.0255754464109,56.8435224393346,44.429902068784,53.8632451950725,48.4466430772877,53.8022288880784,44.6662323133111,36.007362955055,68.5646339095738,43.4972196442005,54.7505557450872,51.1869109454871,54.4533535017387,58.636950523058,52.1329367917557,49.4746251590193,60.7203501212313,57.1550275707724,45.4955591034135,60.4369376790872,41.4210881557488,48.0047147893139,64.6837478157117,40.2964388920406,37.8364135966478,48.453833978872,52.5244508959373,55.849543130354,26.0887975202742,52.602815847716
48.2323213307476,61.6384049161564,57.8134119227061,45.9032371958022,54.0973805822407,48.5718848438338,54.8913672808881,44.7157372463142,36.2537433335158,68.6704413656767,43.627978925498,54.8906901335969,51.3946104713298,55.6101888861678,60.0654116889656,52.14135583808,49.6319401044293,60.7299492154707,57.2436406283129,45.8887383424187,62.1510203252062,41.6643043724733,48.724050687559,65.2839794545984,41.8095604138082,37.9752214611425,48.4630189473347,52.5402012173493,56.0156936297696,26.0904176827626,55.0030350986528
49.0706974453544,61.6800989088675,57.8353896165612,46.0215554561879,54.2794794110742,48.6172648466342,54.9089724719484,44.7201943976547,36.3192465743499,69.0145955069236,45.0597812207254,54.9846269698459,51.5455013024311,55.6459618545259,60.651887482696,52.1668168372438,49.6329398167293,60.7314889436606,57.5594213660597,45.918174505285,62.223251693064,42.2060102980026,49.3807259470156,65.2839794545984,42.2309343084638,39.065522197746,48.4633609560484,52.5411807629003,56.023925186534,26.0912024567571,56.007191380133
49.3481635034258,61.8396566184167,58.1231192564822,46.0626526474019,54.4396138060157,48.6387686848612,55.2303107527872,44.7237184302563,36.4502748395033,69.0604177852564,46.4443553258307,55.1813081769396,51.6697254118635,55.6573346997653,60.9391032778407,52.2253839150798,49.6892313110334,60.7319453292507,57.8048588505788,45.9224271703801,62.6955969200163,42.3281855739752,49.5203120910192,65.4404895940114,42.2825798665856,39.1268818684014,48.4634513287366,52.5479063695345,56.1142083487454,26.0914285014343,58.0582727867432
49.4092214270876,62.3539330797493,58.1297964420858,46.0672337929942,54.7736644123455,48.6865369680542,55.2738583897132,44.7257964385641,36.602068356845,69.1048671001273,46.7671526685822,55.2212729665855,51.7516269192712,55.7907179257797,61.3303285503615,52.4707331814373,49.699216696225,60.7319479757713,58.2853082663608,45.9638005417015,62.7094849618981,42.3363342831143,49.7872318973616,65.4904290736999,42.3217932248844,39.204478257042,48.4670339732171,52.5484539037363,56.1151230632973,26.0914889803264,58.0647687004662
49.48438866287,63.1068487808268,58.2298905807496,46.06727723579,54.9287012972383,48.7465594861348,55.3124668073181,44.7277556459844,36.6542291569254,69.3687185354924,47.1045050412544,55.2212729665855,51.7843814276664,55.8913745184244,61.451943981299,53.5728507770478,49.7055934633708,60.7319479757713,58.374002069104,46.0845501512336,62.774684490419,42.4448587222694,50.0119017239855,65.5054908968281,42.6060475528749,39.2410192185571,48.4675470514832,52.5487583525307,56.1214385657995,26.0914954425207,58.105103582553
49.5774273817445,63.3330811796395,58.2605098487027,46.0693089461775,54.9477261350964,48.7569554696851,55.3256169441787,44.7288010633826,36.720503337214,69.4369182865658,47.2074215103072,55.2212729665855,51.8496545262792,56.135668339437,61.451943981299,54.581495985704,49.7103723968002,60.7319658753242,58.4076838499167,46.1529599084792,62.7791435346557,42.4828955875672,50.0908168989637,65.5095462750053,42.7622782078726,39.2894761450376,48.4679840369552,52.5487864278904,56.1216442099819,26.0915065232531,58.3517068176746
49.5976215908274,63.3330811796395,58.2790637627898,46.0693089461775,54.9477261350964,48.7942329495726,55.3265381959179,44.7288032241104,36.7341975042311,69.4684027300801,47.266658331238,55.2514320558295,51.8858778393066,56.415233363069,61.451943981299,54.6116631393097,49.7103723968002,60.7319661196456,58.4311137080261,46.2324134125273,62.7791435346557,42.4929858354112,50.1334929848129,65.5245282522921,42.7622782078726,39.3266626189168,48.4679872881708,52.548811720641,56.1228298413454,26.0915955588082,58.4341499953344
49.5993255335401,63.4692146408644,58.28482749414,46.0693432228075,54.9477261350964,48.8226411072907,55.3265381959179,44.7288075567095,36.7448134059544,69.4684027300801,47.268632209914,55.2629948367043,51.899966013398,56.8311473871246,61.4796796168679,54.6116631393097,49.7103723968002,60.7319661196456,58.4318546870999,46.2919748043236,62.7791435346557,42.5181000767989,50.1611299876799,65.5366067500818,42.768579648297,39.3408218219225,48.4679952211476,52.5494087638068,56.1228298413454,26.0916462201976,58.5646649858431
49.6134711533385,63.7576061107145,58.289371269457,46.0693729687441,55.0325850416991,48.8226411072907,55.3265381959179,44.7288078710921,36.7621188023663,69.4684027300801,47.268632209914,55.2629948367043,51.9063751507381,57.4464148118218,61.4796796168679,54.6116631393097,49.7103723968002,60.7319700578582,58.4318546870999,46.3018801073037,62.7801732268836,42.521257476156,50.1764737569236,65.5375385185108,42.7712373209195,39.4119994045873,48.4680715298352,52.5494208606672,56.1228298413454,26.0916483434804,58.5807385743571
49.6411984191982,63.9245068674286,58.4559125627046,46.0693729687441,55.0325850416991,48.8226411072907,55.3265381959179,44.7288092731948,36.7621188023663,69.4738796024313,47.2854141876262,55.2629948367043,51.9063751507381,58.1571978458629,61.4796796168679,54.6116631393097,49.7114818282883,60.731983417218,58.4318546870999,46.3099740148147,62.7819714570851,42.5276986429599,50.2586934879435,65.5440824115958,42.772406761073,39.4670932499043,48.4680729356755,52.5495246102535,56.122904143135,26.0916483434804,58.5890565419628
49.6465247187389,63.946996056248,58.7013769671519,46.0695223014051,55.0815142846846,48.825616380381,55.3265381959179,44.7288092731948,36.7631683558848,69.4747958771485,47.3006669909463,55.2654459912296,51.9089482422519,58.911103729334,61.5425712887732,54.614681996434,49.7114818282883,60.7319845330475,58.4838477277069,46.3121731835144,62.7819714570851,42.5294865559606,51.0763309561279,65.5455128354332,42.772406761073,39.4808123784796,48.4680816855956,52.5499107787044,56.1285277296273,29.5695609689674,58.5944558469431
49.6493727687975,63.9471262522619,58.8605087368084,46.0696132792094,55.0815142846846,48.8337337296238,55.3265381959179,44.7288426704223,36.7671175881742,69.4747958771485,47.3202954801713,55.2654459912296,51.9129314878174,59.0986174269089,61.5475138823075,54.6247445705088,49.7114818282883,60.7319897175145,58.5082406616021,46.3146782555087,62.7877036546485,42.5294865559606,51.7686458312523,65.545523275141,42.772406761073,39.4817944117732,48.4680856624364,52.5499107787044,56.1313173657033,32.0818158450688,58.6025058718064
49.6503898268525,63.9486166713983,59.1424462401197,46.0696132792094,55.0934805913859,48.8337337296238,55.3338142277643,44.7288640058853,36.7718585491817,69.4747958771485,47.3268307839166,55.2743111767569,51.9143057125806,59.2074347537218,61.5774197861404,54.6321481378996,49.7114818282883,60.7320084754821,58.5140636196904,46.3215607048914,62.7877801619534,42.5294865559606,53.2671344066221,65.5455273813465,42.7730888764623,39.4817944117732,48.4680866934122,52.5500361145182,56.1339978985348,37.1719544225248,58.6041052390148
49.6521635709649,63.9494665506448,59.1784659082811,46.0696248166994,55.0934805913859,48.8337337296238,55.3370120874193,44.7288727055079,36.7740537142519,69.4747958771485,47.3268307839166,55.2845423037241,51.9148178974421,59.237209152141,61.5899372737938,54.6335728710996,49.7114818282883,60.7320126607536,58.5140636196904,46.3285171990725,62.7880176658705,42.5294865559606,62.3726439222443,65.5459973294029,42.7733079578418,39.4817944117732,48.4680870658298,52.550353375628,56.1357072898789,41.7001681547233,58.6057755652737
49.6524926268106,63.9563577750645,59.2309248257973,46.0696248166994,55.1368229403436,48.8337337296238,55.3370120874193,44.7289069137991,36.7765687769932,69.4757992696561,47.3289342081511,55.2917804182246,51.9153736502636,59.2539067772688,61.6090358748174,54.6373122376845,49.7114818282883,60.7320283109881,58.5930907233549,46.3343758943611,62.7880203728137,42.5294865559606,62.389717951582,65.5460178750919,42.7763363422859,39.4817944117732,48.468087084944,52.5513224111132,56.136753784285,42.2931919198909,58.6165119771435
49.654617824366,63.9675042698488,59.6618428702719,46.3917772142168,55.1368229403436,48.8337337296238,55.3370120874193,44.7289173623508,36.7765687769932,69.4828915942868,47.3368866604875,55.3003041675878,51.9159835107033,59.2886484306276,61.6090358748174,54.6559150052308,49.7114818282883,60.7320368567874,58.5970440416524,46.3343758943611,62.794454704559,42.5294865559606,62.6356163089813,65.5469348744436,42.8227068941759,39.4817944117732,48.4680872648291,52.5516394468195,56.1370110509121,42.8365370570435,58.6718381777906
49.6577371701953,63.9799263727755,59.6833031549653,50.4922895817388,55.1368229403436,48.8374875416435,55.3370120874193,44.7289185131436,36.776975346688,69.4828915942868,47.3454016830173,55.3132483270044,51.9173796346412,59.2954737753272,61.6232309294826,54.6559150052308,49.7114818282883,60.732083750892,58.6116198378062,46.3361727329823,62.7979286540724,42.5298620359821,62.969917067601,65.5469348744436,42.9221194811082,39.4837575136494,48.4680872779895,52.5516500522605,56.1416574756796,42.8951189133194,58.6821126068602
49.6583506830379,63.9985414157076,59.793112764213,52.9516969881877,55.1368229403436,48.8394091997682,55.3370120874193,44.7289191695235,36.7792248438928,69.4828915942868,47.3632128504048,55.3132483270044,51.9180023279514,59.3039353385939,61.6256132410787,54.6559150052308,49.7114818282883,60.7321703879427,58.6141351032616,46.3373735718845,62.7983377982637,42.5298620359821,63.0236523308306,65.547233859002,43.1922332281541,39.4837575136494,48.4680872779895,52.5516515093894,56.1425213760186,43.1702934925763,58.6915946175141
49.6591868612274,64.0048458604228,59.8231976225815,53.1266701154146,55.1368229403436,48.8415176897677,55.3370120874193,44.7289192668087,36.7792248438928,69.4828915942868,47.3808051779383,55.3132483270044,51.9212694993544,59.3310000139363,61.6256132410787,54.6559150052308,49.7122610178026,60.7322042909622,59.4321431725878,46.3377292564018,62.7997582667097,42.5323879462277,63.0413105002085,65.5474205029035,44.9438264931307,39.4837575136494,48.4680872868519,52.5516515093894,56.1427920675969,43.4206696364834,58.7062491926529
49.6601010339521,64.0084899498772,59.8497129889567,53.4163680382165,55.1368229403436,48.8419306298076,55.3370120874193,44.7289193629751,36.7797090269444,69.4854002559286,54.1361995491227,55.3425582884836,51.9261143049558,59.3687996041062,61.6256132410787,54.6559150052308,49.7122610178026,60.7322066753376,60.1800686449622,46.3398569646318,62.7997582667097,42.5342849891007,63.0413105002085,65.5523031648367,46.2362577449591,39.4837575136494,48.4680872892972,52.5516531915065,56.1430626309578,43.4258864164853,58.7081788267911
49.6607577226701,64.0139963299565,59.8497129889567,53.707417310667,55.1713806776845,48.8450087615977,55.3443176773519,44.7289193847294,36.7798549052249,69.4916347450496,56.2195229021884,55.3425582884836,51.9262400764723,59.3716314832106,61.6256132410787,54.6559150052308,49.7122610178026,60.732281931919,60.9877634502919,46.3398569646318,62.7997582667097,42.5342849891007,63.0418899519234,66.1415925570833,46.4775702832285,39.4858395114776,48.4680872910079,52.5516540924283,57.2469394221023,43.4474793552535,58.7112804553768
49.6607919805441,64.0139963299565,59.855976262192,53.8211222335363,55.1713806776845,48.8459584430377,55.3443176773519,44.7289193860762,36.7803704864179,69.492676280607,57.607802207377,55.3558622114238,51.9264315406487,60.0915180729989,61.6391154099284,54.6559150052308,49.7122610178026,60.7323812129491,61.5880398621127,46.3410200064866,62.7997957751159,42.5342849891007,63.0429830504723,66.5213025685692,46.4835243369161,39.4858395114776,48.4680872928945,52.5516540924283,58.8729937709011,43.4474793552535,58.7209908365826
49.6614197507572,64.0139963299565,59.855976262192,54.0437887938526,55.1796901046057,48.8485052108959,55.3507255497285,44.7289194108141,36.7804100357838,69.492676280607,59.8095331632103,55.3558622114238,51.9268565887999,61.4799899002268,61.6478514605301,54.6581427462016,49.7122610178026,60.7324475176229,61.6797761598675,46.3424102523005,62.7999159236445,42.5342849891007,63.0432741926508,67.4703824340079,46.4835243369161,39.4911179431104,48.4680873011377,52.551656605658,58.9959332673111,43.4474793552535,58.7228458792688
49.6625153234178,64.0158535863274,59.8641585963428,54.9062082390984,55.1796901046057,48.8485052108959,55.3507255497285,44.7289194120855,36.7808525203131,69.492676280607,60.2508372319903,55.3831333313161,51.9271628808489,68.3703420639723,61.6478514605301,54.6581427462016,49.7122610178026,60.7325949933211,61.7365216486139,46.3431979553846,62.80011720071,42.5342849891007,63.043510429202,68.0062624636851,46.5255235120631,39.4911179431104,48.4680873039208,52.5516570926914,59.4972696872941,43.4648229802396,58.7269838950336
49.6625377568504,64.0168460552983,59.8655116870484,54.9062082390984,55.1796901046057,48.8487894553693,55.3507255497285,44.7289194120855,36.7811222077287,69.4947147432046,60.3031776821439,55.3831333313161,51.927527889475,68.4724665572683,61.6478514605301,54.6581427462016,49.7122610178026,60.7328676140177,61.8567792272454,46.346695704313,62.8007763586233,42.5342849891007,63.0479113725376,68.4407478097573,46.5774717998987,39.4956297072353,48.4680873046393,52.5516571840242,59.6032041606039,50.569217960963,58.7269838950336
49.6625713829418,64.0168460552983,59.8672851982427,54.9062082390984,55.1796901046057,48.8492797386372,55.3507255497285,44.7289195009278,36.7811222077287,69.4947147432046,60.5381707318865,55.3968264444476,51.9275333260089,68.6986364223322,61.6515961131593,54.6581427462016,49.712454531305,60.7331216289867,62.0230303065214,48.9201943670806,62.8022026396016,42.5342849891007,63.049510813168,68.681661912094,46.578400274904,39.4956297072353,48.4680873046498,52.5516571966954,59.6709272013668,53.3672877750608,58.7270664045108
49.6625713829418,64.0192198835336,59.8678160545603,54.9062082390984,55.1796901046057,48.8492797386372,55.3507255497285,44.7289195009278,37.8585516628473,69.4947147432046,60.5769363735678,55.3968264444476,51.9276008491063,69.4573874922216,61.6515961131593,54.6613164456214,49.712454531305,60.7339046441224,62.0964570572849,49.2621107821103,62.8026407854519,42.5351581670361,63.0517419833451,68.6855338626704,46.5807503708264,39.4956297072353,48.468087304741,52.5516572298238,59.6940934641804,56.5302423393066,58.7270664045108
49.6625833640117,64.0212959453512,59.8684637293749,54.9062082390984,55.2012422526345,48.8493892199826,55.3507255497285,44.7289195116183,46.8265355111589,69.4947147432046,60.645555457259,55.3987273532018,51.9276802368512,69.5142818325947,61.6536415046355,54.6613164456214,49.7124778571075,60.7347428311254,62.2433602138248,50.0628086304632,62.8027539304026,42.5354730648907,63.0545955493098,68.7465272826504,46.5813627311405,39.4956297072353,48.468087304741,52.5516572300563,59.7190990772492,59.9272235197823,58.727381001199
49.6625849101961,64.0221489089023,59.8693434719862,54.9062082390984,55.2012422526345,48.8496395221623,55.3507255497285,44.7289195137656,51.2970247417161,69.4948905243007,60.691076416653,55.3987273532018,51.9277919743949,69.6891162662812,61.6536415046355,54.6613164456214,49.7130735388008,60.735603187016,62.7649263414098,50.2873435738001,62.8027621907889,42.5356077610171,63.0667705197455,68.8099214287062,46.585019306187,39.5628331573906,48.4680873048044,52.551657422275,59.7297182938186,60.5159110690953,58.7283839629546
49.6625865243465,64.0235765136199,59.869364123235,54.9062082390984,55.2214760253704,48.8496395221623,55.3507255497285,44.7289195203296,51.6896002856461,69.4963952858464,60.691076416653,55.3987273532018,51.9278496151604,69.7297670534643,61.6571411444507,54.6661726209635,49.7130736814298,60.7365179328877,63.2773363620023,50.3338653805528,62.8028618568232,42.5356077610171,63.0733023368882,68.8223164618155,46.5863606088972,39.5628331573906,48.4680873048094,52.5516575277642,59.7322103247614,60.6855032683369,58.7288205440274
49.6625929849189,64.0235765136199,59.8694351706256,54.9062082390984,55.2214760253704,48.8496976164804,55.3507255497285,44.7289195224044,54.8348668207802,69.4973208899401,60.7166537033256,55.3987273532018,51.9278875094612,69.7327917534078,61.6571411444507,54.6663758195644,49.7130736814298,60.7371560018436,63.5281671386914,50.3956717001167,62.8029918616608,42.5356077610171,63.0803243207533,68.8223164618155,46.5866123648235,39.5628331573906,48.4680873048618,52.5516575459621,59.7322103247614,61.1061344600852,58.7288205440274
49.6625999452013,64.0248732600608,59.8695486937588,54.9062082390984,55.2245888681084,48.8497494535829,55.3507255497285,44.7289195224044,57.1694422642316,69.4976345565988,60.7166537033256,55.4098895383048,51.9279023136574,69.7456519190298,61.6615403429826,54.6669809558404,49.7131293227124,60.8372920969489,63.8434797973603,50.4035336736987,62.8030538481559,42.535989634161,63.0893376977249,68.8223164618155,46.5866666061506,39.5628331573906,48.4680873048685,52.551657571732,59.7322103247614,61.1969585255222,58.7302638911035
49.6625999452013,64.0261463982163,59.8695795677046,54.9062082390984,55.2245888681084,48.8497723011386,55.3507255497285,44.7289195224044,59.9600214835633,69.4976345565988,60.7166537033256,55.4098895383048,51.9279577407833,69.7912881884023,61.6629896270358,54.6677136899392,49.7132032242558,61.1013595234518,64.5284663899834,50.4104017324063,62.8031554277949,42.535989634161,63.1010110365484,68.8230026403009,46.5909686933555,39.5628331573906,48.4680873048845,54.6697065122773,59.7322141191177,61.3035409630087,58.7313273939447
49.6626021248459,64.0287804159558,59.8696067180246,54.9062082390984,55.2486618822556,48.8497938439797,55.3507255497285,44.7289195237977,60.9017618563105,69.4976345565988,60.7383587455182,55.4217121356181,51.9281180787676,69.8038962390305,61.6630180232694,54.6693665623664,49.7132032242558,61.6391388371459,65.2151936045413,50.4307372634375,62.8031723228683,42.535989634161,63.1068427153509,68.8230026403009,46.5999218132432,39.5638415751783,48.4680873048848,55.9243090011651,59.7330961842198,61.3122596286163,58.7313679820201
49.6626080184584,64.0304273937341,59.8696578037357,54.9062082390984,55.2559742034411,48.8498657039036,55.3524763940131,44.7289195238635,61.194701804456,69.4976345565988,60.7922219759757,55.4347828253822,51.9283964535074,69.8203908773459,61.6639655953538,54.6693665623664,49.7132376079389,61.9857820533943,65.9368607080551,50.4511042109347,62.8031913153728,42.535989634161,63.1074396250037,68.8230026403009,46.6052926267742,39.5658006478053,48.4680873048991,62.9029545826692,59.7343952077995,61.3188841293056,58.7313679820201
49.6626131741993,64.0307739368731,59.8696632070999,54.9062082390984,55.2613232985449,48.8498916337964,55.3524763940131,44.7289195240237,61.2887477314051,69.49809187133,60.7953386238517,55.4421467349308,51.9285349446836,69.8220682287275,61.6642448098463,54.6695661544482,49.7132376079389,62.043695377766,66.2554806034774,50.5076611707479,62.8032097874307,42.53602739968,63.1080602638632,68.8230026403009,46.6064984225992,39.5700388854234,48.4680873049,64.5247165167812,59.7362799023971,61.3623909168716,58.7317862129904
49.6626133277835,64.0309274672236,59.8697181021998,54.9062082390984,55.2627067580602,48.8499076884555,55.3524763940131,44.7289195240304,61.5286856145295,69.49809187133,60.8038130577386,55.4421467349308,51.9289111307005,69.8220682287275,61.6653373353228,54.6696240819269,49.7132698720037,62.1861560815494,66.4256443897798,50.5097753300021,62.8032097874307,42.5361398685561,63.108082418417,68.8230026403009,46.6079504185878,39.5700388854234,48.4680873049016,65.3655893145147,59.7369814597674,61.3810797587773,58.7318678603716
49.6626377743072,64.031230109954,59.8697303236559,54.9062082390984,55.2639607811036,48.8499224432496,55.3524763940131,44.7289195240306,61.5353187348761,69.49809187133,60.812242314383,55.4446325202877,51.929786295422,69.824750905772,61.6659666902527,54.6711267012355,49.7132698720037,62.217100382928,66.4709864120511,50.5102313387469,62.8032097874307,42.5362958161346,63.1080836394617,68.8230026403009,46.6079795991483,39.5702210761125,48.4680873049016,65.5423713541142,59.7371387375791,61.3810797587773,58.7319819946681
49.6626714271209,64.0313340574782,59.8697557478675,54.9062082390984,55.2645027632916,48.8499479379258,55.3524763940131,44.7289195240306,61.5953358368588,69.49809187133,60.8125624714864,55.4446325202877,51.9301463054883,69.824750905772,61.6662322888148,54.6711356536175,49.7133143677953,62.226519163896,66.4893035450831,50.5354651191416,62.8032097874307,42.5363010676076,63.1082761146474,68.8231150631136,46.6079805353315,39.5740605044751,48.4680873049019,65.5548230330346,59.7371594170097,61.3841596793311,58.7319819946681
49.6626820402599,64.0318899840418,59.8697801886105,54.9062082390984,55.26538641544,48.8499623257854,55.3524763940131,44.7289195240605,61.6392532296455,69.501383158287,60.8125624714864,55.444994622911,51.9302470401869,69.8254685499927,61.6662322888148,54.6711435403444,49.7133143677953,62.2462522914686,66.5027911568752,50.5358200084567,62.8032493749061,42.5363010676076,63.1082761146474,68.8232453654928,46.6081913642755,39.5740605044751,48.4680873049021,65.7117512567515,59.7372455948885,61.384302557183,58.732003467985
49.6627021896179,64.0318899840418,59.8697870772409,54.9062082390984,55.2654077274042,48.8499706457577,55.3524763940131,44.7289195240605,61.6517651324755,69.5017849187488,60.8151477312378,55.4457124698523,51.9302654933008,69.8257253064948,61.6675863657367,54.6711744030475,49.7133143677953,62.2770958782483,66.5095433590036,50.5358605183325,62.8033045533247,42.5363010676076,63.1084375835827,68.8232453654928,46.6083845601054,39.5748707933802,48.4680873049021,65.7578689741167,59.7378662113908,61.3843281680488,58.7320095030189
49.6627360763193,64.0326861107745,59.8698002747011,54.9062082390984,55.2660848549778,48.8499785931943,55.3524763940131,44.7289195240605,61.6517651324755,69.5023745242338,60.8160745304933,55.4457124698523,51.9302668074906,69.8262165025303,61.6675863657367,54.6711744030475,49.7133415869399,62.3007441622359,66.9499778376412,50.5368083952086,62.8033186782715,42.5363010676076,63.1084574770057,68.8241270716631,46.6085479416822,39.5748809027184,50.9263702869803,65.8544056782099,59.7384063306588,61.3843682582398,58.7322844510546
42.273090392816,63.7458934295668,59.4690467000549,52.6180322056533,56.7061866919435,45.478167279732,64.1394498153612,42.9129966885442,38.9775779945182,60.433946043896,38.8005325486936,48.0364246247461,46.6846648182245,64.7365026882606,54.9656374807061,48.3368312718624,56.0633873579009,43.626918736625,40.7310125555426,48.5315760453534,63.433942980021,40.4558615095957,46.4540286002156,64.2273225993003,37.3847906791646,36.7180707941286,52.1541463389587,43.1449924665176,48.4819351728856,23.2116984205721,44.3408364774413
45.505009626512,64.4536593273005,66.5319121349292,53.6452978875224,57.8418419032055,46.5922977739346,64.4980804184085,50.571975184366,60.5393507255048,60.9430592717438,58.3804723357087,49.5086847457893,49.0196256789187,65.7708182779156,54.9668874755073,49.3756769846846,56.9593711815793,58.9263220006174,49.7071759566089,48.532164388398,66.4629191051725,41.6293513898361,62.1318300340714,66.6835927759143,56.038069920675,42.2728173765127,60.8758979852307,58.9523031321672,56.1180622069662,61.8374192240486,45.4840199253723
46.3881064716718,64.787525505394,67.6695820435624,53.7953113900802,57.877564445888,47.78787732322,64.8684773972944,51.8287843424653,62.869144172723,61.7848877936985,58.6724683117907,49.6117242090946,49.9749177138368,66.6987131345386,58.2833272490153,49.5862331099572,57.3301935210028,61.0197147795166,53.5894618824705,48.9704741266014,66.7388277230412,47.800107170388,62.8094330495365,66.7829920414813,60.9430782246509,42.8222447899683,60.8758979852307,64.8271598388918,56.2847713425837,65.5956349479273,45.679439813098
46.7887567942015,65.236846654532,68.6944421495129,54.2174097606286,58.1121239714384,47.8521597910487,65.1301137629525,52.398615977444,64.3367263136641,61.8537559990501,58.8693933188791,50.1603656211048,50.564013309172,66.9061789614454,59.2922045798385,49.929590044067,57.5675862303907,62.3207855116655,55.8545804476689,49.9938620593322,66.9842583929757,58.426883625461,62.8392821959066,67.0740698473055,64.0730596746356,43.409490462306,60.9443368950641,65.6928196075807,56.3260006016996,65.5956349479273,47.257798232059
46.940200393996,65.4984090544921,69.080185409642,55.1824293953471,58.2086380996252,48.6889998435302,65.2319921232178,52.5352796707171,64.7830245597935,61.8936839562204,60.0770869420215,50.6389126856938,50.6967893418437,66.9841470261984,59.3529360870366,50.349577864707,57.6989348184176,63.170437857524,56.0681194102225,50.3199400949695,67.0139809414012,62.597525002254,62.8392821959066,67.212269663463,66.5349166792036,43.6190566747617,61.7436921622958,66.1994691151476,56.3312007985043,66.345521131726,47.7745834536633
47.1217900130419,65.5446013591791,69.1521429746911,55.8245993355354,58.3238521003176,48.8216511225802,65.3413834904856,52.6894852141439,65.0003933232288,61.9041718663613,64.5031519800097,50.971039236162,50.9321137310208,67.0646724120023,60.2990858665466,50.3694276589174,57.7491691705406,63.2931376545629,56.0681194102225,50.3840796363257,67.0759002232779,63.6042129777484,62.8392821959066,67.2477205964946,66.6877835519344,43.6315865887616,63.0670211858195,66.3482841186157,56.3910695557452,66.7876745285913,48.744359215819
47.1513674093143,65.5921299822636,69.2942943502014,55.8722346855033,58.366962127799,48.856011171894,65.3686157696611,52.6973091781552,65.0210071194522,61.9051519349762,65.488349843131,50.989308119217,50.9321137310208,67.4450250163026,60.2990858665466,50.3990449894429,57.9968862634939,63.524233363649,56.0681194102225,50.6462489386928,67.2048406087369,64.3491271263103,62.8435489341098,67.3297266601537,66.6877835519344,43.8512526337409,63.2676948717132,66.7210621229697,56.4198904907721,66.8169486176816,52.1765375902439
47.2114603507812,65.594406362051,69.3022624389383,55.8841295187984,58.4032705758321,48.9717989519969,65.3686157696611,52.7370360117272,65.0619350845341,61.9204702369551,65.9307506129167,51.0276853386014,50.9473016966204,67.4787630140413,60.340654154451,50.5832840361871,58.0934098139599,63.7323976160437,56.1314584680483,51.1222926052426,67.3144254612172,64.5702584884656,62.8497172082853,67.5132475654286,66.9406454483022,43.8636268572618,63.369600197394,66.7210621229697,56.4284005220234,66.9723012969752,52.5467670962556
47.2512291657595,65.6089956818977,69.305205022548,55.8841295187984,58.4669784800989,48.9717989519969,65.3686157696611,52.7540046989833,65.1690760814299,61.9209034984886,66.6950903414807,51.0276853386014,50.9511020241034,67.4833486916373,60.4513240272754,50.6026189472567,58.1824392671266,63.779118496963,56.1314584680483,51.5245720234047,67.4864269423721,64.9697215907921,62.8497172082853,67.5760349138832,67.1048500586859,43.9010092295264,63.5323908518634,66.7210621229697,56.4284005220234,66.9723012969752,57.6384444156413
47.3629682487381,65.6126682736607,69.3053858333929,55.8841295187984,58.4751867386903,48.9865973668969,65.3686157696611,52.7626077737361,65.1690760814299,61.9209549895097,67.2372094746727,51.043630177064,50.9561607435443,67.4924878932704,60.4523113726509,50.6154791925898,58.2295358176188,63.779118496963,56.1314584680483,51.5245720234047,67.5194855817938,64.9920681723853,62.8562031895142,67.6082820919248,67.285024195896,43.9013934900053,63.6473060530949,66.7210621229697,56.4284005220234,66.9747310134175,57.9721956089983
47.3629682487381,65.6130877265904,69.3053858333929,55.8847319029777,58.4764873462829,49.0034157189711,65.3686157696611,52.767184414168,65.1909955448079,61.9209549895097,67.4338956094724,51.0618813853835,50.9736071606963,67.5139661704531,60.4809942943535,50.618312810809,58.2961519455772,63.779118496963,56.1395297465659,51.5323140835164,67.5316790679453,65.8231912286216,62.8699834378489,67.6518869691719,67.285024195896,43.9013934900053,63.6542873776659,66.7210621229697,56.4284005220234,67.0108236945638,58.1812319931717
47.3944926864949,65.6132086182637,69.3097176550435,55.885361059382,58.4961374112763,49.0232893565218,65.3961064301464,52.767184414168,65.2135098887335,61.9209549895097,67.7149607549685,51.0684390727166,50.9872772414658,67.5139661704531,60.4961727800203,50.6224457162028,58.2961519455772,63.8899794452665,56.2227433700291,51.5323140835164,67.53931131949,66.4061848338148,62.8826338494139,67.6525608722713,67.3112617811966,43.9093022300264,63.6632956790129,66.8802461699722,56.4308999848117,67.0594226134046,58.3119384498242
47.3944926864949,65.6181988198868,69.311130198298,55.88540403794,58.5201639349678,49.0232893565218,65.3961064301464,52.767184414168,65.2181133254191,61.9209549895097,67.7149607549685,51.0693642437265,51.0066446153741,67.5139661704531,60.4961727800203,50.6230464177236,58.2961519455772,63.9607056377217,56.3733885674959,51.5405143053022,67.564601085578,66.5941935900754,62.896596092458,67.657764429767,67.3112617811966,43.9103262979647,63.663577716591,66.8837500270621,56.432950680086,67.0594226134046,58.4173244516098
47.4013446794404,65.6224248278373,69.3115089643262,55.88540403794,58.5378784688537,49.0232893565218,65.4134379385149,52.7710178112167,65.2355752139284,61.9209549895097,67.7149607549685,51.0701840896203,51.0459637276783,67.5139661704531,60.4961727800203,50.6279146471478,58.2961519455772,63.9811855419163,56.4033259829608,51.5451671398366,67.5830519100096,66.6005967812045,62.9191799649629,67.6586449111847,67.3467521482831,43.9218992734659,63.7206092755563,68.2357756661862,56.4364444820263,67.0719160609846,58.7028238810064
47.41701813451,65.6238156084021,69.3321833195617,55.88540403794,58.5711276852968,49.0255353158057,65.4134379385149,52.7722765766258,65.252467635001,61.9209549895097,67.7617235124749,51.0710721904324,51.0737717533272,67.5174093761168,60.4961727800203,50.627933778896,58.3008784482508,63.9811855419163,56.526861162035,56.4785094988543,67.5981828949069,66.641776456359,62.9710578365356,67.6610922364273,67.3710559198283,44.6323733523996,63.7461898743204,68.9689293537209,56.4366829833529,67.083953165077,58.7919146389566
47.4183416143635,65.6266547779487,69.3360790533133,55.88540403794,58.5791087292344,49.0269605802478,65.4134379385149,52.7722765766258,65.2553718473111,61.9209549895097,67.7794812681009,51.0712079699223,51.2417633466729,67.5174093761168,60.4961727800203,50.6286029789569,58.3008784482508,63.9814183223576,56.526861162035,56.4785094988543,67.6046296982134,66.6441838774799,62.9947253720189,67.6611933428725,67.3960330841266,45.5596225307087,63.7463395829442,69.4078890037776,56.4388956601372,67.1057020380183,58.830999452498
47.4185579033282,65.6336991863686,69.3376636950437,55.88540403794,58.581373958963,49.0269605802478,65.4134379385149,52.7728505013254,65.2553718473111,61.9221549721203,67.7877828376502,51.0715556999223,51.2739952580948,67.5186608453384,60.4963077809075,50.6312780048788,58.3008784482508,63.9814183223576,56.5711267957569,56.9173750351484,67.6206978663081,66.6671217267691,63.0257150049831,67.6612002612911,67.4662943319175,46.591940984956,63.7492433789569,69.5371476998831,56.4388958033408,67.1219542576387,58.830999452498
47.4185579033282,65.6534875216994,69.3402087639088,55.88540403794,58.581373958963,55.3806509694419,65.4134379385149,52.7743649214999,65.259747692623,61.9221549721203,67.7877828376502,51.0719321549356,51.2815433975667,67.5206845669854,60.4963077809075,50.631420376195,58.3008784482508,63.9820924268895,56.6363382687286,57.4892912829616,67.6230989082854,66.6671217267691,63.1212069561169,67.661721067623,67.4662943319175,47.977232709404,63.7500329433184,69.68749332729,56.4398269811979,67.122106289862,58.8522214228857
47.4187730615093,65.6599229692192,69.3402580785354,55.88540403794,58.582180672844,55.6421469167484,65.4134379385149,52.7767320105205,65.2750494228079,61.9221549721203,67.7886004172578,51.0729224750711,51.2911515186115,67.5208608979194,60.4965562963833,50.631527780216,58.3008784482508,63.9820924268895,56.6498196794816,57.6150378415129,67.6395770507227,66.6671217267691,63.1760396290552,67.6623357189915,67.4674455105655,49.0672448180555,63.7511017787018,69.68749332729,56.4399432732637,67.1232026751952,58.8892915195658
47.4196806456697,65.6599229692192,69.3467925897022,55.88540403794,58.5860655620635,56.5972820625757,65.4149085908418,52.7767320105205,65.2765691983008,61.9222317629008,67.7919013080129,51.0744380553015,51.2990199813404,67.5211170505462,60.4969288092596,50.6315478762382,58.3034402202796,63.9949805434177,56.6612947639522,57.7227019388992,67.6453000218048,66.6688534380299,63.3381123520255,67.6623819101925,67.4785219820257,49.1364922275163,63.7520714018332,69.7574182694415,56.439996905906,67.1232026751952,58.9184762341855
47.4198352481216,65.6599229692192,69.3532305786001,55.88540403794,58.5863010528911,57.3624273717061,65.416848650492,52.7785243794319,65.2947929545039,61.9226402269513,67.7947370478496,51.0759376007764,51.3034638726784,67.5213645335268,60.497168390784,51.9882039821357,58.3106926594596,63.9953053258643,56.6612947639522,57.7305511460748,67.646546966473,66.6719427929891,63.400864541643,67.6626190826959,67.4785219820257,49.151573877994,63.7524804764703,69.809000662511,56.4412989958615,67.1253462736984,58.9283120812184
47.4199484820268,65.6599229692192,69.3647497303265,55.88540403794,58.5867079162558,62.4079725020056,65.4287220207253,52.7797292170003,65.2950512782188,61.9339083785228,67.7959757648261,51.0789428361146,53.7054542079629,67.5213814322901,60.5027740506291,56.4845543270098,58.3152393890053,64.0002515257644,56.6659581424658,57.7726382527193,67.6530454516498,66.6719427929891,63.404681192901,67.6627141408255,67.4793602104656,49.1981535774661,63.7524804764703,69.827661869778,56.4414937472056,67.1253462736984,58.9593944422573
47.4200308937716,65.6599229692192,69.3788499758586,55.88540403794,58.5868391405992,64.0876964427354,65.4287220207253,52.7804046293106,65.2989654704327,61.9465496975144,67.7971372957166,51.0798401121177,60.5897989664741,67.5216893638099,60.5030713309619,58.7580529418559,58.3152393890053,64.0002515257644,56.6702422047873,57.7858856244956,67.6530454516498,66.6719427929891,63.404681192901,67.6627705750815,67.4824624764722,49.3040763268967,63.7524804764703,69.827661869778,56.4415223248819,67.1253462736984,58.9618837224665
47.4201157648585,65.6599229692192,69.392250128756,55.88540403794,58.5869255724763,66.2954107339992,65.4287220207253,52.7805356726227,65.2990620563416,61.9466477940477,67.7985835261191,51.0814092444891,61.0016894085825,67.5217087158989,60.5079146947335,59.2296403841619,58.3152393890053,64.0033432775694,56.6707474554585,57.8049070800421,67.6560120859298,66.6719427929891,63.4323818440525,67.6627705750815,67.487737671823,49.4945967882375,63.7525620562595,69.8407523439887,56.4416130606501,67.1253462736984,58.9717640416511
47.4202031820588,65.6599229692192,69.3998660711873,55.88540403794,58.5882596966172,66.9638852466416,65.4287220207253,52.7808242527278,65.299131598282,61.9498157949034,67.799693366663,51.0818453515695,61.3762288666193,67.5217090325549,60.5080651744612,59.3586916397094,58.3189094602697,64.0034171204753,56.6736449401882,57.8768039871501,67.6563243615424,66.6719427929891,63.4353419043667,67.6627705750815,67.4955634318703,49.729908360575,63.7525620562595,69.9076906354835,56.4418072274621,67.1258463299422,58.9798656380013
47.4202881635598,65.6599229692192,69.403135071049,55.88540403794,58.5903657853242,68.0099388103483,65.4287220207253,52.7810269866504,65.2992613592426,61.9498157949034,67.8004647039,51.0824334496488,61.5760170525166,67.5217741927306,60.5087058265089,59.8793636896207,58.3189094602697,64.0218954323812,56.6819020384887,57.9295789182443,67.6591576851415,66.6719427929891,63.4374544194712,67.6627705750815,67.4956714366096,50.0587457018037,63.7525620562595,69.9145543351409,56.4420089921262,67.1263267118299,58.990545090282
47.4203599271813,65.6599229692192,69.403135071049,55.88540403794,58.5912655451755,68.5590235109591,65.4423368726883,52.7811277251482,65.3010005162266,61.9498157949034,67.8004647039,51.082659982627,61.6330821379785,67.5218938989554,60.5097075943746,59.9555308418809,58.324049525388,64.0218954323812,56.6987843802418,58.0157974909543,67.6612572156196,66.6719427929891,63.4387277498757,67.6627705750815,67.4956714366096,50.2772714486169,63.7525620562595,69.9162944693393,56.4421082584361,67.1263267118299,58.9909578708461
47.4204370238119,65.6599229692192,69.403135071049,55.88540403794,58.5917407234882,68.7589130300772,65.4423368726883,52.7812229041954,65.3011742110246,61.9498157949034,67.8020342478762,51.0826700477817,61.6478549018352,67.5221010238483,60.5109300438127,59.9688600219558,58.3369133303859,64.0284333993984,56.7243042222306,58.3550702249356,67.6696005565093,66.6719427929891,63.4395009783142,67.6628026512345,67.4956714366096,50.2892045943904,63.7525620562595,69.9233185704746,56.4423412510227,67.1302828975625,58.9932376808844
47.4206457116743,65.6599229692192,69.4046985136455,55.88540403794,58.5940097379726,68.7618603214882,65.4423368726883,52.7812723667921,65.3022830299592,61.9502866378105,67.8040552384841,51.0827090594512,61.6491897632599,67.5221948421595,60.5110597552901,59.9711483701084,58.3407922921265,64.0288819936461,56.7309195444829,58.4043166259694,67.670775157091,66.6763086868496,64.0682497444865,67.6628026512345,67.4957667038769,50.3306441042721,63.7525784354513,69.925282721584,56.442350837435,67.1346274552868,58.9939119271051
47.4209943432729,65.6599229692192,69.4047965288792,55.88540403794,58.5940253437882,68.8908497766976,65.4544662012013,52.7813013731779,65.3024161875901,61.9502866378105,67.8284075035193,51.082728783834,61.8281745349321,67.5222136760859,60.5110692747199,60.1771967822322,58.3426963711021,64.0292580091728,56.7309195444829,58.4075324740156,67.6718596958822,66.6763086868496,65.3624882710757,67.6628026512345,67.4967202638717,50.3535330197263,63.7525943055586,69.9256463373734,56.4423875766237,67.1370716929746,58.9939663912889
47.4213054227778,65.6599229692192,69.4051679537986,55.88540403794,58.5940266090326,68.9600422614193,65.4544662012013,52.7816482227572,65.3024161875901,61.9502866378105,67.8401152992147,51.0833775773105,61.8371818470304,67.5222869918679,60.511157917548,60.2975007341634,58.3428179522091,64.0618591996209,56.7367521200237,58.4152347057914,67.6718596958822,66.6763086868496,66.2269891036385,67.6628026512345,67.4983461978279,50.3590474300409,63.7526410617166,69.9257188396576,56.442451220288,67.1379496819396,58.9947663007108
47.421698570288,65.6599229692192,69.405248683601,55.88540403794,58.5941787666703,69.009539208129,65.4544662012013,52.7818132334529,65.3025755571979,61.9531565493462,67.8412117739229,51.0836295588044,61.8536925700964,67.5223112813465,60.5121347830861,60.3926298277561,58.3437246316426,64.0670940052777,56.7409255465641,58.4852385248801,67.6718596958822,66.6763086868496,66.5378347435577,67.6628026512345,67.4983461978279,50.3699048875752,63.7530136729231,69.9257347702486,56.4424512235272,67.1388980228116,58.9960640970491
47.4222776003334,65.6599229692192,69.40529758749,55.88540403794,58.5942164493903,69.0602346891647,65.4558676662245,52.7819047393746,65.3034290129499,61.9532164853572,67.841271605079,51.0841011789813,61.8596593186346,67.5223196008978,60.5125801331885,60.3926298277561,58.3476502321948,64.0700652799495,56.7409255465641,58.4852385248801,67.672091412598,66.6763086868496,66.8665955069587,67.6628026512345,67.4993686372928,50.3868319452443,63.7530136729231,69.9271109452561,56.4424512235272,67.1395131807443,58.9960640970491
47.4234092916807,65.6599229692192,69.4053318228614,55.88540403794,58.5942601150523,69.1232585788555,65.4558676662245,52.7819343763072,65.3037754689001,61.9532164853572,67.8413538317015,51.0842554892501,61.861048896066,67.5223333867789,60.5126210838072,60.4143669825267,58.3476502321948,64.0700652799495,56.7416070887836,58.4852385248801,67.672091412598,66.6763086868496,66.9308207374815,67.6628026512345,67.4994538404864,50.398635483254,63.7530136729231,69.9287865581865,56.442456107589,67.1401726620666,58.9960640970491
47.4240402316824,65.6599229692192,69.4053318228614,55.88540403794,58.5942771860273,69.1449800321037,65.4558676662245,52.7819624444528,65.3040599933715,61.9550325490468,67.8416572836765,51.0845378877144,61.8616283644949,67.5223445986477,60.512679892142,60.4207976071825,58.3485613324095,64.0768437752951,56.7432753939804,58.4852385248801,67.6728028189833,66.6763086868496,66.9346131810028,67.6628026512345,67.5005027843617,50.4045050124489,63.7577695941043,69.9288721221556,56.4424679965348,67.1407783617179,58.9962752082446
47.4248009637339,65.6599229692192,69.4053318228614,55.88540403794,58.5942771860273,69.2266266382411,65.4558676662245,52.7819710056843,65.3049373421173,61.9570971537886,67.8424054254614,51.0845501916203,61.8650454653181,67.5223665189153,60.5126937243471,60.4281456094174,58.3490502388548,64.0777369564446,56.7458089573289,58.6230469015679,67.6736606306118,66.6763086868496,66.9645963035023,67.6628028037361,67.5005027843617,50.404587590954,63.759587807973,69.9297263749191,56.4424679965348,67.1413760503191,58.997027951256
47.426348996173,65.6599229692192,69.4053482930878,55.88540403794,58.5943413257479,69.233024993849,65.4558676662245,52.7819758599563,65.3049373421173,61.958601017815,67.8430880855188,51.0847015011812,61.8672699076806,67.5223665189153,60.5127757543223,60.4287689837785,58.3495320457551,64.0783403896492,56.7460651975704,58.6230469015679,67.6736982487419,66.6772079038063,66.9827688571588,67.6628032456246,67.5005027843617,50.4056992770032,63.759587807973,69.9297263749191,56.4424689635815,67.1413760503191,58.9986536966418
47.4271439420503,65.6599229692192,69.4053678081077,55.88540403794,58.5943844026379,69.2499460523342,65.458380929646,52.7819758599563,65.3051426556374,61.958601017815,67.8438883312566,51.0847727616054,61.8679645323372,67.5223665189153,60.512798251728,60.4308755864177,58.3496337096515,64.0798964263172,56.7461503499013,58.6230469015679,67.6736982487419,66.6772079038063,66.9907886557272,67.6628035420735,67.5005795187626,50.4056992770032,63.7629954386698,69.9298715735122,56.4424694249792,67.1415885871062,58.9988080388917
47.4273321413529,65.6599229692192,69.4053856341342,55.88540403794,58.5945308141209,69.2561024806907,65.458380929646,52.7819819385279,65.3051767854615,61.9658919525013,67.8448119954607,51.084846664329,61.8708104428963,67.5223739250944,60.5128024951812,60.4314324769078,58.3496403045678,64.0810077451127,56.7467436462726,58.6230469015679,67.6738035059508,66.677226251444,66.9914844589544,67.6628193054992,67.5007016020336,50.4056992770032,63.7637914975974,69.9300348003615,56.4424716986509,67.1416441527702,58.9991084920434
47.4282646115526,65.6599229692192,69.4055994140667,55.88540403794,58.5950112909241,69.2561215721615,65.458380929646,52.7819854043195,65.3053215819031,61.9686438594857,67.8454993239777,51.0849719628938,61.8803182168979,67.5223767803082,60.5128418523829,60.4316000553662,58.3496935275059,64.0814241043531,56.7467436462726,58.6588049770954,67.6738035059508,66.677226251444,66.993808891032,67.6628388362105,67.5008797001651,50.4063441601551,63.7641111334889,69.9301006611565,56.4424740916903,67.1416526781039,58.9991908564205
47.4286772340556,65.6599229692192,69.4056021880443,55.88540403794,58.595376800799,69.2605283484147,65.4606927227568,52.7819859021125,65.3054184376008,61.9702631753509,67.8457754362734,51.0850014816818,61.8872362523074,67.5223811320601,60.5129059866518,60.4320627183379,58.3496935275059,64.0816491165359,56.7467436462726,58.6833583619749,67.6742442908489,66.677226251444,66.993808891032,67.6628599051415,67.501119783257,50.4063441601551,63.7649218427645,69.930101355726,56.4424747142332,67.1420063429448,58.9991908564205
47.4286772340556,65.6599229692192,69.4056297342335,55.88540403794,58.5954191378501,69.2752910036064,65.4606927227568,52.781986490519,65.3055057718684,61.9702631753509,67.8459144710942,51.0850046225911,61.8872362523074,67.5223813178124,60.5129059866518,60.4323180544918,58.3498576661634,64.082316811572,56.7468425264524,58.6833583619749,67.6743467554856,66.6777957656124,66.9944292629895,67.662874858134,67.5011645094438,50.4063441601551,63.7649234504436,69.9301046754819,56.4424776658458,67.1421205705883,58.9993861359379
47.4290079414907,65.6599229692192,69.4056301542206,55.88540403794,58.5955041296323,69.2766505462362,65.4614787846784,52.7819866339048,65.305528229874,61.9706253039009,67.8459794162256,51.0850131103806,61.8872362523074,67.5223813178124,60.5129098762869,60.4335463414817,58.349944871553,64.0825565670028,56.7479015953257,58.6887001904297,67.6743993724717,66.6777957656124,66.9946211473233,67.6628772919943,67.5012184175954,50.4064192493536,63.7650361860265,69.9301111586165,56.4424776658458,67.1422089857276,58.9993901374965
47.4291176909423,65.6713083554487,69.4056463822471,55.88540403794,58.5955246560799,69.2775069690825,65.4629182218092,52.7819866339048,65.3055510644368,61.9706253039009,67.8460038035461,51.085035794034,61.8877255670621,67.5223816000598,60.5129421090245,60.4347931479149,58.3504000335163,64.0827133381744,56.7479553746231,58.6902394637745,67.6744106952711,66.6777957656124,66.9960538375198,67.6628801425294,67.501230531109,50.4064798822466,63.7650489938336,69.9301239967233,56.4424778175262,67.1422089857276,58.9994409823135
47.4291176909423,65.6756404703426,69.4056464777403,55.88540403794,58.5955246560799,69.2775069690825,65.4629182218092,52.7819869978727,65.3055661225088,61.9706253039009,67.8460764936635,51.0850394541401,61.8878439522112,67.5223816000598,60.5129426658568,60.4368965558882,58.3504009637643,64.0828073257732,56.7484052764023,58.7078034937546,67.6744127287928,66.6781951836882,66.9985184285229,67.6628865901739,67.5012361972004,50.4064828089122,63.765300833242,69.9301523922112,56.4424778615531,67.1422382293901,58.9994409823135
47.4291176909423,65.6758923054559,69.4056464777403,55.88540403794,58.5955246560799,69.2776342041524,65.4630722884938,52.7819871437337,65.3055741597851,61.9719575889738,67.8461497543694,51.0850394541401,61.8880726704297,67.5223820220916,60.5129502205417,60.4392782091692,58.3507116074459,64.0828871030239,56.7487781162245,58.7269054105644,67.6745261226273,66.6781951836882,66.9994832506648,67.6628894064803,67.5012364836283,50.4064828089122,63.7664176233415,69.9301667318,56.4424781529769,67.1422894597011,58.9994448956794
47.4293108595761,65.6802058505034,69.4056555809605,55.88540403794,58.5955246560799,69.2788248308887,65.463922433578,52.781987630398,65.305583814456,61.972567778562,67.8461683039775,51.085053537848,61.888212518203,67.5223822032678,60.5129523402398,60.4394495640152,58.3510484569982,64.0829172207085,56.7490001380041,58.751938310271,67.6745416874455,66.6781951836882,67.0003607720202,67.6628958775696,67.5014078061987,50.4064830841789,63.7687420357378,69.9301667318,56.4424781874545,67.1423606040933,58.9994529774694
47.4296516180139,65.6802058505034,69.4056569283907,55.88540403794,58.5955317282215,69.2800576841357,65.463922433578,52.781987738282,65.3055855666764,61.972567778562,67.8461747655318,51.0850537946029,61.8884835334415,67.5223822032678,60.5129567453877,60.4394559976673,58.3512565629538,64.0829665650701,56.7491459368151,58.7850594554712,67.6745428781341,66.6781951836882,67.0006856932743,67.6629001389272,67.5014078061987,50.4064831326337,63.7744785255254,69.9301671550731,56.4424781909209,67.1423606040933,58.9994616808148
47.4304588409985,65.6802058505034,69.4056621566917,55.88540403794,58.5955600971668,69.2800576841357,65.4647360382699,52.7819885598343,65.3055857134083,61.9727359504824,67.846178022981,51.0850547405056,61.8884835334415,67.5223826699665,60.5129594773386,60.4394922578626,58.3513405835468,64.0829665650701,56.7492238579901,58.7971241168488,67.6745592229737,66.6781951836882,67.0007033429971,67.6629010992151,67.5014489939109,50.4064835460376,63.7808374281178,69.9301709530493,56.4424782869213,67.1423808844434,58.9994616808148
47.4313952700683,65.6804344953262,69.4056660267738,55.88540403794,58.5955600971668,69.2810626784133,65.4647360382699,52.7819888068201,65.3055857433744,61.9727359504824,67.8461819740923,51.0850554824448,61.8884862313547,67.5223842337272,60.5129803718347,60.4397147477053,58.3513858049047,64.0829665650701,56.749261394769,58.8070784701097,67.6745725677878,66.6781951836882,67.0007033429971,67.6629149783345,67.5014542640293,50.4064836603427,63.7822261556042,69.9301898441886,56.4424783368358,67.142387643618,58.9994630518743
47.4320189402723,65.6804344953262,69.4056676064396,55.88540403794,58.5955903848583,69.2810626784133,65.4647360382699,52.7819888497878,65.305587000457,61.9727359504824,67.8461844316375,51.0850560922665,61.8885102886726,67.5223851513538,60.5129803718347,60.4398890993958,58.3513998649016,64.0829693481286,56.7492775980854,58.8086445262648,67.6745903970737,66.6781951836882,67.0007840563646,67.6629305301691,67.5014753205753,50.406486554085,63.7827065866771,69.9301944352644,56.4424784088189,67.142392058976,58.9994630518743
46.4399118657004,63.3692027847523,59.4973243938633,54.6406693380402,63.152200062774,56.9475794332807,67.5436348992268,45.827119530176,35.6398581192872,53.088047716874,40.6025744905259,41.5386008852123,41.483072103245,48.5820828954916,43.7397256976577,49.7167063938194,53.9418607447752,53.6610223959852,36.1993250187305,48.0249393209854,59.929689411936,38.8617222389724,42.8901516836236,51.1395367738952,49.197743074645,41.4554367102042,63.9169309772118,47.9009980263268,43.8389524408579,61.8618302197682,39.4004542687757
51.0024537430121,65.4133147896798,66.4905341780076,55.2561969241701,63.9453391929939,56.9539696797185,67.8477959113654,56.8193417603828,54.7707127041995,54.9145117518883,58.432499069892,43.1458780345042,52.1696097665436,50.1220206498317,58.5765966102336,60.1918197659668,60.98476530092,57.0303519836267,61.2716787246242,58.438941245485,59.9296980688275,55.6099706013455,61.5224481802683,62.2047412914734,65.8472512529575,50.5855782033293,65.6857799032527,63.5111128445528,49.2851664307502,61.8643344524889,53.7141299531858
52.3753166404571,65.7785568910376,66.4905341780076,55.7944587450945,65.2335855126686,59.0442915697122,68.2135671240209,60.9011704010494,56.980443998334,55.5823702993563,60.9954856236079,44.4371097394763,56.4557777477071,50.2037185919814,61.4871922424794,60.9256758253132,62.0248978046999,62.0375497003719,63.4325562197022,59.7849755127511,61.7378502163378,56.7483234856283,62.9604036412643,62.5214887743686,66.1052298347821,50.9167547969532,66.1522922926048,67.4437947726565,50.6550916700854,62.8381915421991,53.7141299531858
56.6584660760929,66.1891275981397,66.4921355330887,55.9905348805759,65.5326701070548,63.9697881987659,68.4407256968338,62.4016861667518,57.9421353404061,55.6199917978443,62.6336965303207,45.7970635531362,59.4061110079271,50.3340435046031,62.4599528082931,62.8285219969576,62.1209749998483,63.5826345851243,64.2553876708308,60.0732196966858,62.0244547485265,57.3636110571526,63.7072867981152,62.713516736587,67.0786662324791,50.9505289078458,66.1522922926048,67.4437947726565,50.9008791133419,63.3783106238201,55.4142144613506
58.7448458133083,66.4337669151612,66.7441883486817,56.00997160475,65.5919741487155,63.9697881987659,68.6213307626079,62.6780193385561,58.1544823985621,55.9072979306066,64.5528011196427,45.8877937937623,60.6183693484617,50.4137399084771,62.7529465993616,63.1050062496649,62.2403654225662,64.8722550726296,64.2553876708308,60.8694781568059,62.235402810381,57.5254304603135,64.7661786663472,62.7570310544973,69.0016420018022,51.0652439621691,66.5145907706377,67.8684992031238,50.9461030776808,64.1803059959618,56.4578474601144
59.1742984794469,66.6590124539986,66.7441883486817,56.00997160475,65.7686808146316,64.6347822430421,68.6550194174171,63.5407185899874,58.2049237809121,56.1029361243,65.1549424652749,46.2278512677809,61.4536105808032,50.4159053456955,63.0150462035786,63.2104647430042,62.3586179718273,65.0309672498083,64.6946583339873,60.9203694319653,62.467466261104,57.6669664407912,65.5132021896901,62.8127665879226,69.0016420018022,51.0750760752745,66.5277877227891,67.90847305073,50.9921277765927,64.6600112343538,57.0341307736362
59.2224607901827,66.7018668031475,66.8557597392146,56.00997160475,65.8894791968199,64.6347822430421,68.7048166167834,63.5407185899874,58.3423160346771,56.1196797305246,65.3452115341929,46.2518069101268,61.895334153293,50.4576044274949,63.0743701737211,63.8244508464741,62.4468698987831,65.1004440833792,65.9623379657626,60.9792457800777,62.5912911955067,57.7210124372649,65.8292335726982,62.814885626392,69.0016420018022,51.0906795141884,66.5280525014659,67.9601605346288,50.9963197855874,65.0231530166783,57.1062935762444
59.9100106570085,66.7018668031475,66.8612582318521,56.0234808823958,65.8995160701764,65.0286456345021,68.7368303853878,63.5971360873925,58.4104537581512,56.1212886541333,65.3751791907518,46.2567475256113,61.9397812697874,50.474044229928,63.1117432258915,63.834270239828,62.4777780198602,65.537013783039,66.3963763508627,61.1448373379066,62.7543817052036,57.8239649531836,65.8644836988725,62.8238673589668,69.2298041718277,51.1292229502688,66.5668609973569,67.995213841941,51.0768389407291,65.4040149266598,58.1452903829102
59.9206266084578,66.7246801871485,66.8612582318521,56.0234808823958,65.8995160701764,65.1236744621889,68.7368303853878,63.6905521208026,58.4104537581512,56.1353637754946,65.3848444035247,46.5687702818117,62.3756929609516,50.4865862879291,63.1459178942795,64.3724300755096,62.4777780198602,65.9359636650199,66.8655056125014,61.3252943474229,62.835912049032,57.8672809324042,65.8644836988725,62.8238673589668,69.3463606689076,51.1292229502688,66.5685621944389,68.0419670273532,51.0772498729288,65.4646113171823,58.5111857375965
60.1160970327247,66.739233265467,66.8617501725501,56.0234808823958,65.8995160701764,65.3550001568403,68.7368303853878,63.7076138913359,58.5633105078924,56.1485751221774,65.3895178067887,46.6057145101164,62.4315317830051,50.4896360992141,63.1552677540792,64.4845872144931,62.4777780198602,66.3850092720756,66.9754577608989,61.3342758120875,63.0137055379692,57.8958016750491,65.8874249895743,62.8259758776387,69.4177436697046,51.1292229502688,66.5802463316039,68.0621834401061,51.0800975712637,65.4666069913994,58.9010211381124
60.1327910795841,66.7544939939937,66.8620208177789,56.0236946418607,65.9047562630282,65.3940454986312,68.7368303853878,63.7091930313513,58.7887864085906,56.1560886317416,65.4556003225536,46.6061371158117,62.4351248199118,50.491658166333,63.1552677540792,64.4845872144931,62.4801396101983,66.5630080330343,66.986844504424,61.3342758120875,63.268000847532,57.8958016750491,65.9772653585531,62.8379274556497,69.4389201392995,51.1295302814887,66.5802463316039,68.075719116756,51.0934857489305,65.4758042409037,59.0162124175507
60.1327910795841,66.7596941035468,66.8620208177789,56.0338797678012,65.9061315706282,65.5605829126238,68.7368303853878,63.7110078330984,58.9726570491332,56.1713255112934,65.5792567354485,46.6061661160294,62.5585054090158,50.4970780868911,63.1698060088675,64.4845872144931,62.4854157869284,66.7179216320906,66.9963340600105,61.3600060331242,63.3421577429765,57.8958016750491,66.0874778181143,62.840083267125,69.5356808089886,51.1308991818824,66.5890102824074,68.075719116756,51.1152532758196,65.4758042409037,59.0809159786754
60.1737980937601,66.7685122688352,66.8640626008659,56.0338797678012,65.915540975197,65.5672048027362,68.7368303853878,63.7115122575757,58.9989824015565,56.1738312554431,65.6966390771289,46.6069977844858,62.5783293378677,50.4970780868911,63.1786580736126,64.4845872144931,62.4854157869284,66.7386489588447,67.0458071517234,61.403992104134,63.3421577429765,57.9134015437302,66.1029828967098,62.8403411433451,69.6475921689031,51.1347327724667,66.6054709597315,68.0814006666385,51.136501556868,65.4758042409037,59.2902328028285
60.2049539326987,66.7800187108096,66.8655316025597,56.0344177294293,65.915540975197,65.5672048027362,68.740086305483,63.7229589052128,59.0121875898825,56.1756106965204,65.7045849065961,46.6072751826137,62.5837789474084,50.4971272739943,63.1819210997894,64.4845872144931,62.4886456792281,66.8604968196249,67.0458071517234,61.4253337001098,63.3421577429765,57.9134015437302,66.1734736083205,62.8404721073898,69.6475921689031,51.1372369940848,66.6192965402501,68.1344689645867,51.136501556868,65.4776769499746,59.4609413267561
60.2284968540609,66.7935071062676,66.874423512024,56.0344177294293,65.9266023481038,65.5832032021579,68.740086305483,63.7591871157287,59.0335331874167,56.1756106965204,65.7313088738847,46.6073925144269,62.6036317102278,50.4972644783644,63.1819561462088,64.4954263605497,62.4899460832132,66.8957742521372,67.1513141129645,61.4253337001098,63.3742348523351,57.9170348523759,66.1849707301741,62.8494071084166,69.7853857883106,51.1385506394229,66.6271436115267,68.1344689645867,51.1393073250548,65.5236391774069,59.5733979563497
60.2345065532135,66.796593407197,66.8798224299458,56.0348359313446,65.9276433322744,65.5832032021579,68.7430120513683,63.7658431281436,59.0344949873382,56.177765340566,65.8043109796505,46.6074212443103,62.6117486298796,50.497347520276,63.1974861736948,64.584308362858,62.4899460832132,66.9053775826207,67.2714717422207,61.439157681689,63.3742348523351,57.9170348523759,66.1962818980954,62.8518323436384,69.8145815034621,51.1395287172945,66.6281810371338,68.1344689645867,51.1393073250548,65.5355062944678,59.6061365246256
60.2470693667614,66.7985869031047,66.8813340821342,56.0349968786893,65.9345253713024,65.5945513801302,68.7431589886166,63.8239286407925,59.0463050751819,56.1783997959163,65.8415438388294,46.6155475749853,62.6788674162317,50.4994215653745,63.208346638194,64.7798468415675,62.4906104912831,66.9216210564006,67.2896804956781,61.439157681689,63.3766766782936,57.9218246965223,66.1962818980954,62.8518323436384,69.8288280432014,51.1395287172945,66.6281810371338,68.1426818834645,51.1400347719864,65.5451507111514,59.7035769184228
60.2484886409339,66.7985869031047,66.8831518605916,56.0350743928263,65.9351926607576,65.5945513801302,68.7431851352329,63.8316077104663,59.0531356674923,56.1788516624505,65.931126025742,46.6207844787678,62.6922629845943,50.4999684811014,63.2089110653761,64.9281941037637,62.4917850642717,66.9216210564006,67.302904654649,61.4463578259185,63.3766766782936,57.9225834591819,66.1962818980954,62.8558150767424,69.8982446204448,51.1418879627852,66.628898422632,68.1527536664327,51.140073987511,65.5451507111514,59.8067003503362
60.2484886409339,66.7985869031047,66.8850687539563,56.0351006708374,65.9372185485591,65.607533295354,68.7452439103107,63.8434150039781,59.0626629267662,56.1794065056472,66.1395143763532,46.630530500426,62.6922629845943,50.5008957515376,63.2092647631035,64.9456323128216,62.4940059990092,66.9216210564006,67.302904654649,61.4463578259185,63.3766766782936,57.9283224800342,66.2024931146891,62.8564879913588,69.9220224259588,51.1467941014603,66.6326715642957,68.1527536664327,51.1450292810475,65.5451507111514,59.8860073210287
60.2484886409339,66.7985869031047,66.8879195707372,56.0351006708374,65.9378633346663,65.607533295354,68.7452439103107,63.8499729818069,59.0662698671977,56.1794065056472,66.2967438756301,46.6506816105314,62.6922629845943,50.5012716396432,63.2093630918998,64.9627522623771,62.4940298543368,66.9404001641752,67.302904654649,61.4463578259185,63.3857126741736,57.9325458743102,66.2063727470983,62.8564879913588,69.9272743451225,51.1472177598938,66.6344486616005,68.1590903765756,51.1478064519985,65.5456628708978,60.0612975191165
60.2549930925102,66.8085268953746,66.8914885373559,56.0351815903422,65.9380330968838,65.6277871844468,68.7460207548673,63.8499729818069,59.0667743174222,56.1795734342916,66.5320462432815,46.6736785916662,62.7136872888115,50.5012716396432,63.2095062839873,64.9655779709386,62.4942442296394,66.9629167283721,67.302904654649,61.4481047465161,63.3917772935475,57.9328449698671,66.2396170612405,62.8564879913588,69.940083575505,51.1472413391287,66.6404647417745,68.1681584216338,51.1536478356444,65.5501007401867,60.0631044795728
60.2616494880351,66.8085268953746,66.8952768122606,56.0352521096533,65.9388248066525,65.6328636495081,68.7460207548673,63.85121521319,59.0667743174222,56.1829104646784,67.3975693176533,46.6916550293554,62.7136872888115,50.5022235764756,63.2096780532931,64.9723470186451,62.4948008102071,66.970569985313,67.3139784035178,61.4498672220064,63.3931735272603,57.9333420181769,66.2465052739629,62.8565894579177,69.9436602652397,51.1472413391287,66.6421544361011,68.1718981442816,51.1612017075119,65.550815822801,60.0748010326841
60.2707162272707,66.8085268953746,66.898009511545,56.0354380278697,65.9388248066525,65.6571298345812,68.7460207548673,63.8525159724573,59.0679251095542,56.1829104646784,67.9963117484733,46.7027874719151,62.7392997212349,50.5023275393466,63.2148121163781,64.9944483206674,62.4954959973349,66.970569985313,67.3163313647724,61.4501128368966,63.3931735272603,57.9334773445568,66.2530030614985,62.8566749974899,69.9502611070971,51.1472759495942,66.6435445370754,68.1794945468046,51.1620043944616,65.5525975487232,60.1520360962214
60.2731402919684,66.8091272187996,66.9008528723788,56.0354867518728,65.9393219439404,65.6571298345812,68.7477720894402,63.8568282281894,59.0690358518723,56.1829104646784,67.9963117484733,46.7143439037387,62.7392997212349,50.5024387255282,63.2148121163781,65.0031957153315,62.4957093213465,66.9733622235706,67.3166880331709,61.4502386186853,63.3933185618343,57.9338935100138,66.2571092747027,62.85670906163,69.9557094787637,51.1472764896853,66.6435724581546,68.1826202618506,51.1642903889806,65.5525975487232,60.1973073439379
60.2770406463793,66.8097874429175,66.9099190422033,56.0356295617243,65.9394573107978,65.6652380980586,68.7477720894402,63.8568960282711,59.0691955229667,56.1829104646784,68.171536692659,46.7253314707806,62.741472128628,50.5024790964182,63.2151831350391,65.0064441500227,62.4958591918386,66.9796171369881,67.3298634225685,61.4502948377422,63.393347055654,57.9351370309123,66.2581266547236,62.8570019753739,69.9598933463139,51.1472767005388,66.6437247797171,68.1865365622933,51.1653172584278,65.5534471481937,60.1973073439379
60.2785295731781,66.8097874429175,66.9193958248085,56.0357100782418,65.9394740375968,65.6845827969259,68.7478054085834,63.8572907105486,59.0696815566517,56.1835342726477,68.2309296284007,46.7253314707806,62.7420857883991,50.5024790964182,63.2155764627687,65.0187660492384,63.3432756620154,66.9796171369881,67.3427382561225,61.4503635018038,63.393439405565,57.9356730901677,66.2601756216754,62.8570958173282,69.9662733403869,51.1472770992927,66.6439082115758,68.1873379151101,51.1663316228476,65.5536439895944,60.2109601227401
60.2793337526016,66.8104527645186,66.919440685708,56.0357359882122,65.9394851580793,65.6867276477232,68.7478054085834,63.8572907105486,59.0699187612009,56.1835342726477,68.2525056784587,46.7253314707806,62.7422879002992,50.5024813138801,63.2157824754789,65.020622007776,63.5240218316196,66.9796171369881,67.344310655137,61.4504343902836,63.3934499716578,57.9357724840292,66.2605237451837,62.8571588143752,69.9679105580553,51.147277230777,66.6439082115758,68.1894942357536,51.1665747138701,65.5536439895944,60.2122242382015
60.2796100415102,66.8104527645186,66.9199276737581,56.0358167150639,65.9394913984463,65.6867276477232,68.7478054085834,63.8575896192548,59.0699671663635,56.183760818214,68.2576082669445,46.7258368539588,62.7443009912096,50.5025173727407,63.2159301163431,65.0219905517933,63.7835518381087,67.0116789300244,67.344310655137,62.7771970762532,63.3937168153691,57.9359935516301,66.2605705539684,62.8574823151118,69.9699001605167,51.1472778126332,66.6439189683049,68.1905842109564,51.1665747138701,65.5545862141368,60.2122242382015
60.2796100415102,66.8104527645186,66.9208819426963,56.0358947860997,65.9395543584699,65.6887714252858,68.7486068282441,63.8575896192548,59.0699671663635,56.1840926444044,68.2581429187046,46.7258368539588,62.7446890671545,50.502982837704,63.2159464434184,65.0262574840257,65.1740013277556,67.015777348181,67.3446571172937,63.1592106231019,63.394692658613,57.9366413959155,66.2611634477552,62.8575845717377,69.9702222197204,51.1472792199783,66.6440614691566,68.191163928834,51.1665747138701,65.5551423773096,60.21719270307
60.2796100415102,66.8104527645186,66.9216640032787,56.0359514134566,65.9398924100047,65.6925456041314,68.7486068282441,63.858006178536,59.0699671663635,56.1850711250447,68.261852626118,46.726695298565,62.7450376246839,50.5030838692962,63.2162408015731,65.0282705388742,65.4742017375909,67.0655545060812,67.3446571172937,63.1858292162603,63.3949272536205,57.9370420418125,66.2619529698771,62.8582806006382,69.9702222197204,51.1472793739576,66.6441190217765,68.1915116064612,51.1670542946081,65.5563793472849,60.2415500079049
60.2797985157983,66.8104527645186,66.9216640032787,56.0360505918291,65.9404220837008,65.6959794149463,68.748817766303,63.8583654844847,59.070015836167,56.1857980310938,68.2648111062604,46.7281724520881,62.7452821766563,50.5030872171922,63.2162988230955,65.0287678524107,66.502508669135,67.0667025653299,67.3446571172937,63.4434799667969,63.3950923251985,57.9374189151967,66.2624892017907,62.8583463681102,69.9702222197204,51.1472793968059,66.6441505466492,68.1915279938596,51.1672438755763,65.557537273782,60.2467362456917
60.2797985157983,66.8105199787664,66.9216640032787,56.0361267190519,65.9404363330922,65.6976728021969,68.748817766303,63.8594904373126,59.0700493359306,56.186265967344,68.2756591549245,46.7283678141823,62.7452821766563,50.5031175102219,63.2163338667936,65.0292876571489,66.502508669135,67.0711933992299,67.3447755323342,63.5206361729536,63.3953489835647,57.9374325536774,66.2626407154233,62.8583463681102,69.9702222197204,51.1472794437275,66.6444418029288,68.1920068227185,51.1674990845652,65.5580609350655,60.2467362456917
60.2797985157983,66.8125649957515,66.9219734970216,56.0362292152863,65.9404540297987,65.701418373312,68.748817766303,63.8606773496805,59.0700934189712,56.186749954461,68.2763417857104,46.7287935392014,62.7453461067754,50.5031471033611,63.2164275762565,65.0297267006428,66.9684565901377,67.0749572912028,67.3447817523118,63.5500505131337,63.3954197924009,57.937465106748,66.262669426589,62.8583906996724,69.9702222197204,51.1472794660296,66.644655096638,68.1920068227185,51.167877302441,65.5604084319803,60.2475467755225
60.2797985157983,66.8139701682178,66.922158440404,56.0363157005918,65.9404564339456,65.710962301122,68.748817766303,63.8607469018573,59.0701294366974,56.1878119302622,68.2763417857104,46.7290337327168,62.7456901109733,50.5031488035827,63.2164677308756,65.0298527933048,67.3998952213439,67.0817503335666,67.3447817523118,63.6111801308904,63.395461057124,57.9374847702801,66.262669426589,62.8584135244024,69.9702222197204,51.1472794809545,66.6447075991676,68.1920068227185,51.1681514416668,65.5604084319803,60.2505973080983
60.2798424322149,66.8139701682178,66.9221956631136,56.0363670102535,65.9404748875138,65.7174058596874,68.748817766303,63.8610606352254,59.0701445471709,56.1878119302622,68.2763417857104,46.7303169049907,62.7456901109733,50.5031620869008,63.216667486009,65.0298527933048,68.5091768340897,67.0817503335666,67.3447817523118,63.6185107741019,63.3955148128433,57.9375419223879,66.262669426589,62.8584351326103,69.9703246536726,51.1472794809545,66.6447269752482,68.1920068227185,51.1683059190814,65.5604940848724,60.2505973080983
60.2800637615758,66.8139701682178,66.9222431038541,56.0364189102559,65.9404844255422,65.7199623979015,68.748817766303,63.8610864131481,59.070204750251,56.1885221073173,68.3246562776696,46.7307318381693,62.7456901109733,50.5031620869008,63.2167515568131,65.0298965277041,68.8226412756201,67.0824988617002,67.3455033510441,63.6297053024399,63.3955283951574,57.9377001406464,66.2626714534236,62.8584528395855,69.9705283169507,51.1472794964101,66.6447269752482,68.1921011698701,51.1684014002659,65.5605012011668,60.2505973080983
60.2801942782814,66.8139701682178,66.9224080674905,56.0364327347032,65.9404844255422,65.7209899263504,68.7488433009801,63.8611069660105,59.0702374669307,56.1890065890428,68.3519495933793,46.7307318381693,62.7459487933744,50.5031648609806,63.2167622364601,65.0299076965762,68.9009938071173,67.0834229575548,67.3466477847874,63.9125014087211,63.3955594200091,57.9378378710134,66.2628055904562,62.8584638146923,69.9706677915876,51.1472795252828,66.644745222457,68.1921011698701,51.1685084126047,65.5606062241159,60.2505973080983
60.2801942782814,66.8139701682178,66.9226050741945,56.0364439929051,65.9405084210351,65.7222140720252,68.7488800022289,63.8611436289957,59.0702545404003,56.1890463828774,68.5012625552648,46.730783940685,62.7459487933744,50.5031686092319,63.2167835017242,65.02992195351,68.9170321080363,67.0834765368603,67.3468442102554,63.9856884559465,63.3955623115118,57.9378616351892,66.262846751512,62.858488602465,69.9706677915876,51.1472795300817,66.6447556383118,68.1921011698701,51.1685640541312,65.5606134988779,60.254729522619
60.2801942782814,66.8139701682178,66.9226394512837,56.0364505045347,65.940518257761,65.7227188758976,68.7488800022289,63.8612519017665,59.0702636280264,56.1890463828774,68.5167154250845,46.7308162392623,62.7459720385109,50.5031693794404,63.2167955451922,65.0299227894383,68.9534706445492,67.0835535933847,67.3477029899248,64.8783135731974,63.3955691028674,57.9378637618574,66.2629304219532,62.8584964086248,69.9707788673952,51.1472795304122,66.6447637689467,68.1921500347548,51.168633240192,65.5606210105895,60.2566290710923
60.2801942782814,66.8139701682178,66.9226405579284,56.0364550842863,65.9405208536955,65.7229931120883,68.7488800022289,63.8613665395862,59.0702652027479,56.1890463828774,68.5247164207825,46.7308959785798,62.7459720385109,50.503179150671,63.2167968933691,65.0299231187933,68.9578138058254,67.0835535933847,67.3482287647313,64.9370579186511,63.3955747737932,57.9378637618574,66.2629515069541,62.8584964086248,69.9708484101981,51.1472795313415,66.6447637689467,68.1921594165308,51.168836306457,65.5607720676928,60.2602855239552
60.2802820898928,66.8139701682178,66.9226535715603,56.0364555112758,65.9405219748399,65.7231812035323,68.7488800022289,63.8614239171692,59.0702740844966,56.1890463828774,68.5288121136893,46.7310767436299,62.7459889978015,50.5031801146994,63.2167986996653,65.0299348281727,68.9603739137005,67.0839882429914,67.348435696339,64.9597859395844,63.3955831629752,57.9378900268342,66.2629565711312,62.8584964086248,69.971060784571,51.1472795313415,66.6447650830517,68.1921657015846,51.1689714907458,65.5608247809205,60.2608702030198
60.2803847449896,66.8157791358129,66.9226591027611,56.036457016382,65.9405246250399,65.7232189489405,68.7489840827432,63.8614790122801,59.0702740844966,56.1893185159816,68.530039054864,46.7311498881654,62.7460275506778,50.5031895882585,63.2167988075824,65.0299818230364,68.9682335127295,67.0841353543813,67.3485687086475,64.9650335049153,63.3955847554068,57.9378954329063,66.2629565711312,62.8584996240709,69.9710632776221,51.1472795313415,66.6447650830517,68.1921768217655,51.1690321843169,65.5608370605121,60.2615028126482
60.2804066781358,66.8157791358129,66.9226738853315,56.0364572616612,65.9405265895832,65.7232556643602,68.7491125774983,63.8615363665532,59.0702740844966,56.1893185159816,68.5313734274462,46.7311805136751,62.7460498879146,50.5031932324826,63.2168009882455,65.0299972847136,68.9774372970663,67.0843707119373,67.3487643677547,64.9659172860078,63.3955852593547,57.9378964087458,66.2629596692541,62.8584996240709,69.9711057393702,51.1472795313415,66.6447650830517,68.1921933783743,51.1690321843169,65.5608581602518,60.2615028126482
60.2804066781358,66.8157791358129,66.922679673733,56.0364581574815,65.9405269877848,65.7233506868279,68.7491125774983,63.8616053804655,59.0702740844966,56.1894342994171,68.53347559597,46.7312269253308,62.7460518002896,50.5031932324826,63.2168015278719,65.0299972847136,68.98007130315,67.0845871233719,67.3488880195913,64.9774209221591,63.3955957006143,57.9378992331073,66.2629638827904,62.8584996240709,69.9711057393702,51.1472795314249,66.644765565657,68.1921933783743,51.1690321843169,65.5608659668423,60.2615028126482
60.2804066781358,66.8159417336768,66.9226807631889,56.0364582667484,65.9405269877848,65.7235147078817,68.7491125774983,63.8616203147267,59.0702783146635,56.1894342994171,68.5375068968838,46.7312877014347,62.7460518002896,50.503193957494,63.216801603858,65.0299994148402,68.98007130315,67.0845887978981,67.348893607996,64.9787971792565,63.3956209651845,57.9378995953617,66.2629678671858,62.8584996240709,69.9711057393702,51.1472795314416,66.6447669824929,68.1921933783743,51.1690321843169,65.5608673736522,60.2615028126482
60.2808142975347,66.8164176136066,66.9226808964757,56.0364583030943,65.9405276786535,65.7235358717791,68.7491434566812,63.8616496612518,59.0702825951111,56.1894342994171,68.537927947251,46.7313400270828,62.7460518002896,50.5031946160722,63.2168017578633,65.0300013811834,68.9824908753091,67.0846029857579,67.348893607996,64.9792240165912,63.3956421429971,57.9378999703119,66.262969630354,62.8584996240709,69.9711057393702,51.1472795314814,66.6447681174145,68.1921966068178,51.1690321843169,65.5608728828976,60.2619856460318
60.2809019745587,66.8164176136066,66.9226812210658,56.0364583284221,65.9405282097286,65.7235358717791,68.7491434566812,63.8616496613889,59.0702843449371,56.1894342994171,68.5386974375838,46.7313456346346,62.7460666343388,50.5031961545359,63.2168019219655,65.0300032238123,68.9825498285709,67.0846061470523,67.348912337135,64.9794268805211,63.3956425654915,57.9379000539615,66.2629727610595,62.8584996240709,69.9711057393702,51.1472795314814,66.644768399657,68.1922327491051,51.1690634499517,65.5608768898777,60.2631339844094
60.2809019745587,66.8165673675849,66.9226812210658,56.0364707109749,65.9405285821723,65.7235781392089,68.7491550400754,63.861649695652,59.0702844891838,56.1894622437382,68.5392034527767,46.7313551370731,62.7461466781615,50.5031969546821,63.2168019219655,65.0300041913277,68.9831575085264,67.084620647095,67.3489308466126,64.9794311938728,63.3956441186211,57.9379006347982,66.2629768560192,62.8585000788412,69.9711057393702,51.1472795314816,66.6447769912469,68.1922459257937,51.1690634499517,65.5608782016632,60.2632787108344
60.2809019745587,66.8183150177744,66.9226812210658,56.0364725007288,65.9405292962189,65.7235781392089,68.7491990016848,63.8616514139479,59.070286268816,56.1894622437382,68.5392124276889,46.7313551370731,62.7461722730704,50.5031975962488,63.2168019302464,65.0300041913277,68.9831575085264,67.0846742588575,67.3489400559102,64.9794318383245,63.3956441186211,57.9379008795407,66.2629846129987,62.8585000788412,69.9711057393702,51.1472795314821,66.644780621196,68.1922583288915,51.1690708121913,65.5608786364712,62.3044428149436
60.28091569431,66.8192812744903,66.9226812210658,56.0364752055624,65.9405295678142,65.7235781392089,68.749449015714,63.8616535063625,59.0702865443712,56.1894835874702,68.5392294188525,46.7313551370731,62.7461788209619,50.5031985049535,63.2168019302464,65.0300064816557,68.9834863578823,67.0846854701576,67.348940714552,64.979599852571,63.3956471586587,57.93790089335,66.2629870944183,62.8585000788412,69.9711057393702,51.1472795314821,66.6447819663082,68.1922960160007,51.1690753570825,65.5608828650918,64.8228364051251
60.28091569431,66.8204809639504,66.9226812210658,56.0364770625167,65.9405299223929,65.723621648934,68.751227368349,63.8616545032198,59.0702865443712,56.1895204354128,68.5392414955961,46.7313567014366,62.7461819424493,50.5031989091342,63.2168019302464,65.030007261279,68.9839651504797,67.0846931685766,67.3489543218961,64.9797281522365,63.3956471957515,57.9379020973047,66.2629942367485,62.8585004271807,69.9711057393702,51.1472795314821,66.6447824436466,68.1923074367403,51.169075698589,65.5608834412941,65.8827012549042
