-98.5973729521654,-95.6622272157299,-80.5970413847656,-141.487711381962,-59.6318113842314,-285.920271904416,-12.7758423205436,-63.4048168126251,-33.4798277104771,-69.4002536109139,-474.348148497946,-173.338716411563,-173.753547207342,-133.854565547441,-160.220392121038,-68.5782824698945,-68.7068597962742,-353.41210699823,-258.773711293812,-45.7567032148731,-207.328359889866,-25.6897927961719,-143.632876348937,-80.7224958002846,-140.672938198627,-139.617657913625,-175.223697821098,-178.187983642375,-79.3472484148526,-213.145675583689,-148.950590721897
-3.52118558069802,-0.694391147640133,33.0810741599841,3.49278270551109,20.3572897148534,-42.7167363647124,17.9365922518847,23.7936645309237,-11.8235397901087,14.5776856936137,-63.2331205708138,-68.5900484527825,14.5471008772604,36.3720628110627,-15.2284470376757,24.8869085810164,19.1653261730062,-10.2482776497341,-24.4600637869466,4.49846867217003,-75.0509391985141,0.268000502767556,-4.90455858481551,41.1344348038886,-22.1242091078496,-6.4868313459613,-9.85414078920687,-8.21356668102401,4.28809696221255,-75.7772928753409,-44.0316694528398
12.304694519595,6.88263479147062,33.6754772582094,6.13256299042379,22.7383926684545,-36.7770726316113,23.3365634361375,27.9552628550542,19.9518326828845,46.2246506482196,-56.8975560563019,-4.07703181304895,14.5471008772604,44.0464541180302,-15.2284470376757,24.8869085810164,20.4313862119191,-5.79410521398038,20.2500771628128,20.001106075323,11.0379868401836,13.2934288004025,9.36100386282105,41.1344348038886,-8.07071398138,0.214552666060314,1.68092249765282,8.18202265063796,13.6818319601427,-70.2056534708121,-44.0316694528398
25.7869500985004,9.37477049296088,33.6754772582094,25.1654413280981,34.7307731416677,-23.9982768797918,23.3365634361375,32.9416244282504,19.9518326828845,46.2246506482196,-41.0325435020719,13.4183651888238,34.6008202402247,44.0464541180302,-5.00765306145012,24.8869085810164,33.1888148758129,-5.79410521398038,20.2500771628128,35.2217887625206,25.8709639547128,17.5124760898489,10.5834217656322,41.1344348038886,0.273787691854238,0.24119408604065,26.7081404187078,8.18202265063796,20.3115050306108,-24.6763897075033,-6.35508562344693
26.3421577501476,31.6245080874793,33.6754772582094,25.2905382111405,41.9184151576448,-6.71423599929474,26.891287812651,34.9955413913121,19.9518326828845,46.4587209918997,-41.0325435020719,17.1619159938574,34.6008202402247,44.0464541180302,-4.30975648279649,24.8869085810164,37.9707391451299,-0.458153262557232,20.2500771628128,35.2217887625206,25.8709639547128,28.1993413839174,10.5834217656322,52.4708523755022,6.31614075938315,3.78624939376427,41.1034458730316,13.2451970817368,22.0430375699559,-10.1257603779654,-6.35508562344693
32.9925731982934,31.6245080874793,47.2190451035758,25.47328292559,41.9184151576448,27.4216687880177,31.1415800900942,34.9955413913121,22.0333426710298,48.7582184280292,-29.6083246991515,38.0864704890669,34.6008202402247,44.0464541180302,5.07205143820507,25.7660910852531,37.9707391451299,-0.458153262557232,21.7060159308868,35.2217887625206,25.8709639547128,28.1993413839174,10.5834217656322,52.4708523755022,17.3197451842661,3.78624939376427,41.1034458730316,21.8098911806221,34.1722695501461,-10.1257603779654,25.5618176061029
34.7582676310401,34.0902507381153,47.2190451035758,25.47328292559,44.3474683048222,27.4216687880177,31.1415800900942,40.5443225103002,22.0333426710298,48.7582184280292,-18.5575357659672,38.0864704890669,34.6008202402247,49.5070817555481,19.5950324761188,37.5069729079623,37.9707391451299,10.6028006109048,24.4432363362348,35.9483561564399,25.8709639547128,38.9901079470084,10.5834217656322,52.4708523755022,17.3197451842661,5.06772730602169,42.2933668267834,29.5946394139011,34.1722695501461,-6.20785679433872,25.5618176061029
34.7582676310401,46.1835290173375,47.2190451035758,26.4269005592499,44.3474683048222,27.4216687880177,31.9318753899504,41.1070793939146,29.5939757746729,48.7582184280292,-15.694809530921,38.0864704890669,34.6008202402247,49.5070817555481,19.5950324761188,39.0670806135488,39.3402339908938,11.7780738723515,24.4432363362348,37.2314468684837,32.3038881000079,38.9901079470084,20.657579492049,52.4708523755022,30.7725540638142,6.38509890845455,48.8208549217492,41.5497224504495,34.1722695501461,-1.15036989076845,25.5618176061029
40.4535532808052,55.2866062579456,47.2190451035758,32.1144381751718,50.7049723471307,27.4216687880177,32.8703479752343,41.1070793939146,29.5939757746729,48.7582184280292,-15.694809530921,38.0864704890669,34.6008202402247,51.9586078696239,23.5404441553666,42.8407280057206,45.402275487587,17.8503970479389,33.1248135303648,37.2314468684837,32.3038881000079,45.9245355550809,20.657579492049,54.1647719326821,30.7725540638142,11.8791093530386,48.8208549217492,42.4521925317213,40.4598386051303,7.89065662407248,25.5618176061029
43.5475409102474,57.7996135840044,47.2190451035758,37.9117758543658,52.2829315134106,32.1515326210389,40.9976390414587,41.6430093008468,29.8611349641208,48.7582184280292,-4.25631710789104,38.0864704890669,34.9790427782795,55.8211913245065,33.0106692835113,44.3819992785743,48.0163084434823,34.4504635269969,40.3950395490672,43.3915612891516,39.5689768873121,52.3268379087984,20.657579492049,54.1647719326821,30.7725540638142,25.5160894851687,48.9276692290288,43.9657196903277,45.8881557851876,19.5178847329562,25.762417210069
46.5101925955785,59.5760437726738,47.2190451035758,40.5555107339112,53.8109576176482,32.1515326210389,51.3062425453638,44.457255520034,30.9889526733284,55.8460122921694,-4.25631710789104,41.8393764751542,43.0914851564128,62.7514886431015,40.6189927690487,49.246503011441,48.7848637469064,50.6640473301584,42.7588836390037,45.0775868896782,41.8505231371372,52.3268379087984,22.1134589190895,57.8213296969272,30.7725540638142,27.5205417435336,49.3550215488471,44.714362627023,46.6438460855261,31.2902760966267,27.7370524403218
47.1883019119174,61.338055607251,52.0670946478132,42.1995760898498,54.3539249423158,32.1515326210389,54.0296657814633,44.457255520034,35.5463309348643,65.4507727899809,28.1840011034062,41.8393764751542,50.3959123412967,63.4457726597879,41.8378953715684,51.1145367480495,48.9784841543939,50.6640473301584,44.165404469456,46.9920915493746,46.9666731943161,57.8226473494897,28.3130442219368,60.7385443468151,30.7725540638142,28.3421572962021,52.8121003842448,46.6326585771708,49.0675490178527,31.2902760966267,37.184048396276
47.662860466719,61.338055607251,52.0670946478132,44.0771340278146,54.3539249423158,38.1852804377555,54.0296657814633,47.0434890277978,35.6695410863646,67.7980936075309,28.1840011034062,46.5567183546363,50.5009016639229,64.5023468274642,42.1242818447327,51.1145367480495,49.1920605310862,55.0055459925248,44.803457627511,47.3654623846326,47.0466518606788,59.3118598872467,28.3130442219368,65.3726392866241,30.7725540638142,30.195681943668,53.483970373703,51.0548372642283,53.5587859542033,39.8112672191708,42.0512836784353
47.8510718443118,61.338055607251,52.1451303234908,49.5876231122255,54.8235146553596,43.1366531307782,54.1988309557071,49.0680077715312,36.3285897473996,67.7980936075309,28.1840011034062,47.4680582547367,50.9511218271227,67.5024983408656,42.1242818447327,51.1145367480495,49.4262320398337,58.198895825591,51.1142998781943,49.2917152224369,54.7245523072788,60.5499884926274,34.454043237899,67.0844527123878,30.7725540638142,32.7669002907729,58.6980313987357,51.5754740771224,57.1569304812111,43.9162595851179,43.0187875749167
48.8572097015765,61.338055607251,54.3325893501141,49.5876231122255,54.8235146553596,44.6447282624087,54.5753886232351,49.8635441098385,36.4368967838861,68.0844684527574,28.1840011034062,52.5223866726752,50.964112736071,67.7842185612189,42.3272243723523,51.3292559847206,49.4262320398337,59.727427119453,51.3537350069461,49.8705570757816,54.7245523072788,60.5499884926274,39.3329184292634,68.1971998092203,30.7725540638142,33.6431752964673,59.43837953271,51.5754740771224,59.7871209299658,52.5532751540132,49.3534813222677
48.8572097015765,61.338055607251,55.8305202447786,49.837556795787,54.8718024742501,45.4558834016891,54.8264281007834,50.5047107165996,36.5064837910711,68.6318962141725,28.1840011034062,52.5223866726752,51.2091825475685,68.3269786238884,58.8919702589019,51.8777127056233,49.4791685286879,61.5048845695243,54.0552484200357,49.8705570757816,56.7846719258002,60.5499884926274,41.9029665746637,68.6053008544343,37.6078739552913,35.300272265908,61.194187614334,53.1626860070475,60.7174403761287,55.285718777999,52.2924511866681
49.2727015274463,62.5180723159649,56.8430567565232,52.0021157317034,54.8718024742501,47.4374131830231,55.0500025400276,50.5047107165996,36.5510452626924,69.1251569130644,42.7057479764241,52.8154673248495,51.5866977918544,68.4283253295772,63.9490670435285,53.0594058235061,49.4791685286879,65.8423723556832,54.0552484200357,49.8705570757816,59.1176391766545,60.6408767676545,57.4368278190736,68.7245936980628,46.8702239407281,37.0699329997748,61.6830879923952,53.6226598353092,61.1377172139959,55.285718777999,53.2956036629733
49.2727015274463,62.713372888082,57.2582489512781,52.4902993027458,54.9920901495248,48.0656786724472,55.0947403335178,51.0686593246012,36.7011621732065,69.2884229025032,48.2442126953568,52.8154673248495,51.759057764373,68.4283253295772,65.1653059529092,53.4815650261065,49.5213976865313,65.8423723556832,54.0552484200357,50.0933104857864,60.2457948772078,60.6408767676545,57.4368278190736,68.7673924335193,46.9334778451425,37.1030653841981,63.2299137091418,54.4315291623877,61.3098226411817,56.3882344704999,53.2956036629733
49.3038779033038,63.340852072038,57.4439062472278,52.4902993027458,55.0283607146078,48.3633075247578,55.1710810474906,57.2238161968177,36.7512000490762,69.327912095,48.2442126953568,53.6918823737318,51.7676370538391,68.4283253295772,66.0676765336433,53.7445661541945,49.5498249548461,65.8423723556832,54.081453086972,50.0933104857864,60.5007560238579,60.8507329730746,59.0676152001336,68.7973589299909,49.1269188538979,37.1730585064408,63.7276524538952,55.5797669435821,61.4001136925216,57.6381559217564,55.1089780247007
49.3038779033038,63.7620662385996,57.4495433308966,53.5364485454093,55.0381067881289,50.4200250804956,55.1710810474906,59.2269453342741,36.7512000490762,69.3747011788759,52.3497570616225,53.6918823737318,51.8533396013573,68.5157854490457,66.0676765336433,54.1576525730438,49.6016219625188,65.8423723556832,54.3391060135141,50.0933104857864,60.8124995172244,61.0243911109876,61.0260979567466,68.8035573915687,54.544055449614,37.3415906383403,64.210716112885,55.5797669435821,61.5371985187465,59.5127772178977,55.1089780247007
49.332043555574,63.7620662385996,57.4809446238162,53.8423063471777,55.1509261670423,51.5410029568489,55.1982360648978,60.3496967234418,36.7576443948442,69.3782319237244,54.5325031904944,53.6918823737318,51.8533396013573,68.7419217826,67.2757594732205,54.1576525730438,49.6280878363238,66.264794462271,55.1900216772766,50.3176303198607,60.8124995172244,61.0243911109876,63.5405897908388,68.8189566720382,55.6861390822299,37.7053868964807,64.4206200355963,56.794271666728,61.7801573891642,59.6263107602861,55.6666917117874
49.5347612284451,63.8234450416409,57.4846468256101,53.8423063471777,55.1509261670423,52.5695218588721,55.2783156879987,63.6254377348344,36.7721843511871,69.3916354851909,54.7688092128329,54.8574864755394,51.8544444617798,69.413298044642,67.2757594732205,54.2177090746938,49.6394549153898,66.3568106611617,56.2585438893043,50.3176303198607,61.4513863756146,61.0243911109876,63.5405897908388,68.8204678848955,55.6861390822299,37.7613580040747,64.4565917288071,56.794271666728,61.9217643699795,61.5104533665325,56.0941662097344
49.5811297218905,63.9433144529242,57.7668324220274,53.9171142106695,55.1618182951358,55.1003818705327,55.298588707589,63.9187911191793,36.776648730286,69.4281320378466,55.9352856251257,54.8574864755394,51.8863243602668,69.413298044642,67.5383300672193,54.2209824477755,49.645552385324,66.9963910250044,56.809759629779,50.3567361949243,61.4513863756146,61.0421923261483,63.6677331298523,68.8305992831584,56.4440612450341,38.3217532902893,64.4565917288071,57.2496976657156,61.9638575895642,61.5104533665325,56.3061259634282
49.5811297218905,63.9433144529242,58.2785351364653,54.4278108229421,55.1721637503486,57.6959150398623,55.3048847143498,63.9187911191793,36.776648730286,69.4753750442592,55.9352856251257,54.8574864755394,51.8914368627535,69.413298044642,67.5653818288417,54.4625873235258,49.6752696801035,68.1349238878999,56.809759629779,50.369773812076,62.0761620186265,61.0421923261483,63.6677331298523,68.8410645493829,56.4440612450341,38.3217532902893,64.5145126869836,58.8595249061437,61.9823352335289,61.5104533665325,56.3061259634282
49.5811297218905,63.989583307146,58.5256451801234,54.7722284459523,55.1958261476668,57.6959150398623,55.3188983389161,63.9187911191793,36.776648730286,69.4753750442592,56.5492038497984,54.9092072060934,51.9174804059067,69.413298044642,67.8519822321656,54.5202430497874,49.6816342597825,68.1349238878999,56.809759629779,50.369773812076,62.0761620186265,61.1194831557044,63.6677331298523,68.8410645493829,56.4474815670789,38.3217532902893,64.5145126869836,58.9266627334836,62.0458293012373,62.5104039048057,57.8771796129392
49.6256807009246,63.9953572379738,58.8535384375343,54.8199276124557,55.2172778518991,58.5774969014447,55.3317043996344,64.7032666602987,36.776648730286,69.4753750442592,58.6671969622952,54.9220545283903,51.9174804059067,69.5278125908569,68.4188115546192,54.5655501437961,49.6856294229354,68.2625422752562,57.1119466944373,50.4607401516377,62.1939815363598,61.1553004180075,64.2535272135774,68.8441922370027,56.7233997845854,38.4016319106558,64.5145126869836,60.9227836283562,62.0783453202455,62.5104039048057,57.9586958395833
49.6256807009246,63.9980131263785,59.4233934705699,54.8199276124557,55.2210697971949,58.5774969014447,55.337376921175,64.7032666602987,36.7767711942746,69.483856855546,58.7830340412958,54.9220545283903,51.9234038165167,69.546540883918,68.6808914915838,54.6062022102713,49.6908762089763,68.5442802388814,57.1402143738207,50.4608084763337,62.3445710364744,61.1553004180075,64.2535272135774,68.8455769885909,58.4937940555901,38.7076706734732,64.5145126869836,60.9227836283562,62.1082890632253,62.5104039048057,58.0113363061318
49.6324591250936,64.0093458262313,59.5727123041817,54.8199276124557,55.2411628975097,58.5774969014447,55.3600813188541,64.7032666602987,36.7781720995577,69.483856855546,58.7830340412958,55.2513680182623,51.9251255555421,69.5838108683549,68.7744736640202,54.6192264001941,49.7053796323062,68.5442802388814,57.8114017383297,50.492132421564,62.58377514061,61.171553807417,64.4344202784473,68.8468017559666,58.652133592732,39.0661274007983,64.9507708868367,63.9554020996455,62.1140538274359,62.5104039048057,58.0113363061318
49.6474029067158,64.0093458262313,59.6450186741236,54.9678246671274,55.2424160942033,58.8288490430454,55.3600813188541,66.5993535147235,36.7791037606883,69.483856855546,59.4670535842763,55.2565847131277,51.9251255555421,69.5838108683549,68.8079510109035,54.6488334671703,49.7059516923306,68.6809664736358,57.8114017383297,50.5078775326724,62.6025548726772,61.1817275076066,64.4344202784473,68.8504517405953,59.4890356216085,39.1440731948916,64.9507708868367,64.9258963987,62.1140538274359,62.5104039048057,58.2626811139969
49.6536179324845,64.012447313739,59.6574383143116,55.04259059895,55.2424160942033,58.8451962868376,55.3669597134105,66.5993535147235,36.7791037606883,69.4885316317545,59.9509828903072,55.2565847131277,51.928190378585,69.5844206850298,68.9396711255752,54.6560996615485,49.7059516923306,69.0421429356901,58.4561288946612,50.5232908443113,62.6215994982041,61.2055931547777,64.4344202784473,68.8510247997843,59.7747868044717,39.1440731948916,64.9507708868367,64.9258963987,62.1275313185851,62.5104039048057,58.3773655535653
49.6537160666206,64.012447313739,59.7539612704595,55.2001308590519,55.2487705450639,58.9084502692986,55.3685525396509,66.5993535147235,36.7798990027537,69.4885316317545,59.9509828903072,55.2565847131277,51.9288278430652,69.5844206850298,68.9405853434027,54.6560996615485,49.7077779989302,69.0421429356901,58.4561288946612,50.5240043100089,62.6245868413836,61.2111310104666,64.4896946739128,68.8519145182618,60.1613727243253,39.2791833652737,64.9507708868367,65.9158943484475,62.1275313185851,62.6308543953763,58.499169307266
49.6562764633961,64.012447313739,59.7539612704595,55.2112954727287,55.2551492838045,59.11583509033,55.3711944386268,67.0714128417333,36.7798990027537,69.4893742748971,59.9509828903072,55.2565847131277,51.9293085742598,69.6712701470522,68.9466821611208,54.6654920944518,49.7088924256832,69.0421429356901,58.4613115551849,50.5349029060075,62.7039836726132,61.2218209385894,64.6086102827934,68.8519480890291,60.1613727243253,39.2791833652737,64.9740544237509,65.9158943484475,62.1290770054271,62.6520110633876,58.499169307266
49.6569798151747,64.0141678779028,59.7942333020795,55.2132528572554,55.2617222005297,59.1283834756831,55.373003996849,67.0714128417333,36.7803027835713,69.4903310225884,59.9509828903072,55.2565847131277,51.9293085742598,69.6806760430664,68.966372140548,54.6654920944518,49.710138265939,69.0745268539684,58.4613115551849,50.5354780802012,62.7553395448842,61.2425754002982,64.6086102827934,68.8527278855743,60.1673556403425,39.2791833652737,64.9936272666273,65.9158943484475,62.1358840683854,63.1227335308595,58.499169307266
49.6584832933274,64.0214809581802,59.7942333020795,55.3433873138717,55.2617222005297,59.2378920875437,55.3735672032179,67.2593851338635,36.7805971029354,69.4945903399841,59.9509828903072,55.3301020478557,51.9299557632435,69.6806760430664,68.9759122603484,54.6678289359015,49.7117395798343,69.0909303870884,58.4613115551849,50.5395616168879,62.7564566921711,61.2425754002982,64.7763836236325,68.8528146019626,60.1673556403425,39.2791833652737,65.0080096647677,65.9158943484475,62.1374926223323,63.1227335308595,58.499169307266
49.659959472848,64.0234539796366,59.7942333020795,55.3433873138717,55.2617222005297,59.2879791802088,55.3738290060752,67.2593851338635,36.7808280011397,69.495835987008,59.9509828903072,55.3581461088653,51.9299913661127,69.6946274920799,68.9781126325903,54.6678289359015,49.7117395798343,69.0909303870884,58.4613115551849,50.5395616168879,62.7564566921711,61.2486956348413,64.9321294005491,68.8530666625234,60.1673556403425,39.4149622729431,65.0080096647677,65.9158943484475,62.138306162219,63.1227335308595,58.499169307266
49.659959472848,64.0250678479396,59.7956413179292,55.3537846986287,55.2630905462305,59.3248230813318,55.3747272906317,67.2593851338635,36.7809461024407,69.4989880133621,59.9509828903072,55.393099220864,51.9299913661127,69.7033483453104,68.9799333759885,54.6680938982878,49.7129279788932,69.2466400469001,58.4613115551849,50.5404244234385,62.7644767353508,61.2517611297224,64.9429160115098,68.8530666625234,60.2463791705239,39.4413369686464,65.0258850698789,66.2108482713513,62.1392758995526,63.1227335308595,58.5873147679376
49.659959472848,64.0294225120218,59.7956413179292,55.3608770925783,55.2638954818757,59.3248230813318,55.3747272906317,67.2593851338635,36.781041176463,69.5013176460893,59.9509828903072,55.393099220864,51.9300485105425,69.7238795750968,68.9806084882805,54.6680938982878,49.7132721964641,69.2929479917903,58.4620837573686,50.5404244234385,62.7644767353508,61.2517611297224,64.9587117617085,68.8530739855338,60.280336886412,39.4413369686464,65.0370376664232,66.2108482713513,62.1395578438114,63.2130287744492,58.619216836079
49.6608883908849,64.0300193621117,59.812913937338,55.3608770925783,55.2638954818757,59.3544963696702,55.3748320316893,67.6112540937413,36.7811721855598,69.5013176460893,60.0652201463468,55.393099220864,51.9300877124921,69.790887514249,68.9812219563918,54.6700168830106,49.7137730833846,69.3990896408259,58.511956738902,50.5412580356007,62.7752332898927,61.2571174905402,65.0411436848409,68.8531134306587,60.280336886412,39.5255496274964,65.0703784906936,66.2470852980559,62.1395578438114,63.2275003503107,58.6511964464584
49.6609961031305,64.0302024346925,59.8302860533716,55.4166610992701,55.26918551191,59.3544963696702,55.3749132379845,67.6112540937413,36.781227068841,69.5013200487244,60.2753026024741,55.4058445968827,51.9301647909695,69.7919922753074,68.9812432511672,54.6700168830106,49.714134809391,69.3990896408259,58.511956738902,50.5412580356007,62.7815536218949,61.2613227253104,65.0411436848409,68.8531134306587,60.280336886412,39.5255496274964,65.077101471247,66.3275285037191,62.1401334083456,63.343161507052,58.6511964464584
49.6615090208271,64.0302024346925,59.8302860533716,55.4245874740087,55.2694641506271,59.3582649951683,55.3749886726606,67.6112540937413,36.781227068841,69.5014545377654,60.3611762709565,55.4085108409558,51.9301764899406,69.7919922753074,68.9830397688828,54.6703941819414,49.7144130194483,69.3990896408259,58.5650415202026,50.5413880898674,62.7815536218949,61.2626258222835,65.0411436848409,68.8531818158461,60.280336886412,39.5423857249661,65.077101471247,66.3275285037191,62.1405176838252,63.343161507052,58.6556225996915
49.662271919488,64.0302024346925,59.8302860533716,55.4280681810504,55.2695784559224,59.3660001454375,55.3750140907917,67.6222103012762,36.7812348506211,69.5014545377654,60.3611762709565,55.4153926407288,51.9302997480822,69.7970616758726,68.983273352261,54.6705137607794,49.7144988270954,69.422204057799,58.5718685593009,50.5416084967133,62.7833304913184,61.2630014968003,65.0473504655392,68.8531818158461,60.5232986282308,39.5498218654679,65.077101471247,66.537823500323,62.1405835114775,63.5243649028756,58.6556225996915
49.662341505576,64.0302024346925,59.8426843278092,55.4280681810504,55.2698845720104,59.379497889201,55.3751332362738,67.6222103012762,36.7812438701948,69.503032998865,60.531230862297,55.4153926407288,51.9302997480822,69.8161052013119,68.9838033021727,54.6706776870757,49.7144988270954,69.422204057799,58.5812204467703,50.5418862319944,62.7906238797854,61.2641081340778,65.0546717600632,68.8531913731095,60.5232986282308,39.5573751756611,65.077101471247,66.537823500323,62.1405835114775,63.5243649028756,58.6770986404077
49.6623877408408,64.0325704898221,59.8426843278092,55.4280681810504,55.2698845720104,59.3798704802172,55.3751585021653,67.6531306443664,36.7812513678006,69.503032998865,60.608896290518,55.4260314316858,51.9303036195938,69.8161052013119,68.984036759673,54.6709912981039,49.7145964714996,69.422204057799,58.5976980331861,50.5420322957071,62.7942199040035,61.2641081340778,65.0546717600632,68.8532149699576,60.5232986282308,39.5573751756611,65.0785497597344,66.7035640543176,62.1405835114775,63.5480637799705,58.6887595274593
49.6625515151629,64.0327608233059,59.8426843278092,55.4543472894767,55.2701869322235,59.3842585646839,55.3751585021653,67.6531306443664,36.7812513678006,69.5040944336114,60.608896290518,55.4279680781993,51.9303188846942,69.8161052013119,68.9841317480136,54.6711962739845,49.7146843482283,69.4641436112248,58.6034937106219,50.5421509033549,62.7982422606426,61.2643331780751,65.0715281734289,68.8532239964188,60.5688361544205,39.5573751756611,65.0812179090823,66.7035640543176,62.1405835114775,63.5480637799705,58.70569826858
49.6627163515054,64.0332032957156,59.8426843278092,55.4543472894767,55.2702368054505,59.3867067715684,55.3751585021653,67.6697530720505,36.7812513678006,69.5041459130637,60.608896290518,55.4281021172449,51.9303188846942,69.8165995715868,68.9841438004203,54.6712673623649,49.7147797870825,69.4790273135972,58.6034937106219,50.5423607520107,62.7982422606426,61.2645393330021,65.0715281734289,68.8532385253565,60.5882336923706,39.5573751756611,65.0830059233052,66.8078358853322,62.1405835114775,63.5480637799705,58.70569826858
49.6627163515054,64.0335652890714,59.8426843278092,55.4612372788854,55.2703298331707,59.3875042524385,55.3751649903717,67.6839944262003,36.7812513678006,69.5041459130637,60.608896290518,55.4281021172449,51.9303404447086,69.823235873835,68.9841842045341,54.6713544651575,49.714784964721,69.4867024600395,58.6034937106219,50.5423879813366,62.7994376711321,61.2645393330021,65.1046210502349,68.8532388860974,60.6008005062381,39.5606334623101,65.0897388177608,66.8300158675381,62.1405971076475,63.5480637799705,58.70569826858
49.6627498767931,64.033734928343,59.8439506529625,55.4612372788854,56.3010422873346,59.3875042524385,55.3751727598736,67.6905049883954,36.7812513678006,69.5041459130637,60.6560779082031,55.4369932677891,51.9303404447086,69.823235873835,68.9842085759317,54.6713544651575,49.7148456610751,69.5098382146024,58.6107984665654,50.5424002025516,62.8005376049146,61.2645855403627,65.1046210502349,68.8532461165562,60.6093337115837,39.5606334623101,65.0897388177608,66.9545241276721,62.1409106117248,63.5480637799705,58.7062516705745
49.6628354992278,64.033734928343,59.8494207293713,55.4761585819885,61.2009118109348,59.3875042524385,55.3751760578503,67.7023890272312,36.781252926143,69.5041459130637,60.6560779082031,55.4391887549289,51.9303409961255,69.8232861404996,68.9842494976038,54.6715397207345,49.7148650832812,69.5100102635579,58.6216449860906,50.5424040806525,62.8005376049146,61.2646604659009,65.1177902567451,68.8532464149126,60.6093337115837,39.5683263579962,65.0897388177608,66.9761497205484,62.1409106117248,63.5985837852603,58.711264724221
49.6628461013755,64.0337518390597,59.8494947275094,55.4825712576595,65.0520841757641,59.3880413501897,55.3751850225885,67.7049548186481,36.781252927231,69.5044845967734,60.7375945527689,55.4403034205678,51.9303712793743,69.8232861404996,68.9842518654997,54.6715397207345,49.7148651871807,69.5195256567698,58.6216449860906,50.5424150368966,62.8005376049146,61.264715492894,65.1227371373504,68.8532516770074,60.6389746437044,39.572472953099,65.0905423084023,67.0054091874775,62.1409106117248,63.6539385177689,58.7191868075911
49.6628570466655,64.033789116139,59.8535319235336,55.4930292821589,65.0520841757641,59.3885456646886,55.3751850225885,67.7090262861821,36.781252927231,69.5044845967734,60.7375945527689,55.4403781799849,51.9303761836975,69.8233341842325,68.9842580577469,54.6715811484924,49.7148759929219,69.5242826275469,58.6216449860906,50.5425813269457,62.8010255597238,61.2647579053687,65.1227371373504,68.8532554067705,60.6389746437044,39.572472953099,65.0925144570939,67.0892337691071,62.1409315740883,63.6539385177689,58.7191868075911
49.6628570466655,64.033875458712,59.8538466832435,55.4930292821589,65.0520841757641,59.3887599516691,55.3751850225885,67.7161725455252,36.781252927231,69.5044845967734,60.7375945527689,55.4423311247449,51.9303761836975,69.8233341842325,68.984261719024,54.6715854537108,49.7148759929219,69.5242826275469,58.624571756236,50.5425859311362,62.8017280051739,61.2648553570614,65.1431970134721,68.8532593513276,60.6389746437044,39.572472953099,65.0925144570939,67.0892337691071,62.1409685594752,63.7604004331876,58.7194681496303
42.3188558219136,63.7465365261737,65.9501030846122,53.4501200309257,31.6505953948867,45.4782115194272,64.1511972150737,62.4087027737497,38.9774284600091,60.4354810460407,47.2368798308041,29.5892106815902,46.6844638767862,28.9690928345361,40.625969676639,48.3369705625597,52.5181614133255,52.4742191907165,40.5884191130377,34.1738708201933,63.4349934419327,65.390708314504,60.1229810980423,64.230001812246,37.5474072558619,41.4441798164744,41.4643552598315,35.8239948579369,50.0304540630041,62.6833029307902,44.3286693552834
45.1034768714499,63.7480989907052,66.0543967261632,53.5786652109808,57.9855106998774,58.8224807044921,64.1513372729837,62.5178117288728,39.7411096156239,60.4365706349397,57.1556831156373,48.0636132928337,46.6849019658603,64.7296532353012,62.6472640455786,48.3373508831597,56.0659299118643,58.8602088515788,46.1886402938213,48.5357676802646,63.4774812835286,65.3914138539603,60.5044912903532,65.3930752941707,61.4606047381396,41.4830942438147,59.5085570521096,59.137722221822,54.661150477361,62.7606844983245,44.4073227431132
45.1062044909671,63.7872379908109,66.5071892753029,53.7678298070469,60.0161521129612,58.8302427733115,64.1521157922593,62.6991406959625,39.9551570966715,60.4412119173732,58.8450383419001,48.256156260341,46.690765771952,64.7432689761099,62.6720527650182,48.3392007400884,56.0699753909137,60.1072653645975,46.2218361413052,48.5466971841862,63.8056059384621,65.3947319345348,61.5005058262986,65.3953038356267,61.6924933308945,41.5108219366097,59.5136532427713,59.4718210452743,55.7433123360254,63.1220160557578,44.5065626081104
45.1104747197634,63.9843974263675,67.8453450186431,58.3734984795385,60.6717878227306,58.8633819755075,64.1549947347229,63.6146208161544,40.1698933217341,60.5541538701324,59.4380349038545,48.5306693628464,46.7363460635606,64.7723929280245,63.5777650662388,48.4866875063568,56.0927419555639,63.0937814383915,46.3673679474466,48.5645760298585,65.0922699681982,65.4090727346654,62.171212675602,65.4134033395924,61.7755045939072,41.8306290428102,59.529356265423,59.9269131488521,56.0317741971717,66.0083600237372,44.7064036318441
45.2695295242926,64.9689272530521,68.45053768967,58.3734984795385,60.6717878227306,58.9637376059886,64.1794380165496,65.1232103931353,40.2695580324221,60.6035227404631,61.5343729667495,48.8949659759333,47.39154910476,64.9103006050871,65.7134496963411,49.7363965896679,56.1271569682521,63.0937814383915,47.129206432227,48.6228615962308,66.7070068484696,65.4971853939755,63.4985947218263,65.5408205694308,61.9300922431016,42.5388995980817,59.6143583322464,62.4798986928532,56.1697021699256,66.4632627991729,45.3764775995951
45.9532014965429,65.1528805052073,68.963552708602,58.3734984795385,60.6717878227306,59.3054766703856,64.2897328601171,66.1399287706569,40.2708369806192,60.7029975577251,62.4600561392722,49.5159691143281,49.3051767772138,65.2416016533606,66.0372055219638,49.9551563192834,56.2532702774988,63.3440340395574,48.8410820820586,48.7174691904477,67.133679808155,65.9577535813033,64.8718186988702,66.8014824344413,64.6503334976554,42.837932630104,60.0197000784028,66.2730933061392,56.2677215176765,66.5212219268624,46.1774277670908
46.6007366028668,65.201052339414,68.963552708602,58.3734984795385,61.9982602169914,60.3386234713083,64.8589480191107,66.1399287706569,40.3304335116932,60.8318973300171,62.4600561392722,50.2862431321147,49.6288877710244,66.4431797818384,67.0294457167382,50.4026776129232,57.6022402353971,63.3440340395574,48.8410820820586,49.937981730081,67.133679808155,66.1241616930912,65.2343883432939,67.053952022039,64.6503334976554,43.1765413044007,60.1160326076678,66.2730933061392,56.2677215176765,66.5212219268624,47.8448670851525
46.9205945299446,65.2229896603393,68.963552708602,61.2657283556859,62.9120191011944,61.5600938706145,65.0370009292554,66.2679107808754,40.4178920537736,61.1367306380901,63.3841425487343,50.3691165459066,49.9772730670972,66.8850417754625,67.8823253609498,50.5468760293064,57.658040815362,63.393777185293,48.8410820820586,51.1520637752118,67.1603061338351,66.2923326805626,65.2343883432939,67.211563735586,64.7723919372725,43.290965331511,60.2881199945281,67.3692075700701,56.3009665856939,66.5212219268624,47.8448670851525
46.9205945299446,65.3556772557734,69.1001971155343,61.2657283556859,62.9120191011944,62.9189291452654,65.091869796489,66.2679107808754,40.4178920537736,61.174407438683,63.3841425487343,50.4888001724532,50.3745687392045,66.8949877655437,68.1254807071447,50.5563263657949,57.7026357101385,63.4259219972124,48.8410820820586,51.3189350718849,67.3019723308002,66.2923326805626,65.2343883432939,67.3341299217426,65.201237196603,43.3713799368431,60.2903653583875,67.3957496409989,56.3009665856939,66.5632272606811,48.1138686638908
46.9649460089662,65.4520163213504,69.2274837601053,61.2657283556859,63.2794134189356,63.2989984453759,65.091869796489,66.5573296128049,40.4178920537736,61.2412461626759,63.6139379263995,50.5449236947539,50.6543080958734,67.0457597863867,68.4352532645547,50.5563263657949,58.0392601656107,63.5568448828206,48.9959845181689,51.3189350718849,67.4860775869654,66.3746620124483,65.2343883432939,67.3643873740591,65.7520848644093,43.5404138700091,60.3233958507702,67.3957496409989,56.3092426587438,66.5942317719224,48.1162567171784
46.9649460089662,65.4525764512052,69.2664684013746,61.7677613615658,63.5394891135985,63.6951952200286,65.1014058435679,66.5573296128049,40.4500732037608,61.4059263610327,63.6139379263995,50.6336141970886,50.6543080958734,67.0457597863867,68.478813296168,50.5724202655152,58.1043206926907,63.7622732194776,49.3435103923954,51.4192937314806,67.4906603459929,66.4768258953809,65.8695832681962,67.54963255375,66.6750793726953,43.7188852343222,60.3512689151033,68.0401817106402,56.3549662718315,66.7120565536553,48.4689349817523
47.0573561938087,65.5111335915217,69.2664684013746,61.7677613615658,63.760387559963,63.74216459457,65.1462575893796,66.6816898136329,40.4500732037608,61.6146895640919,64.0061767692669,50.7329174957893,50.7522958452384,67.1306342314851,68.5737537495168,50.5827450828416,58.1749065436231,63.7622732194776,49.3435103923954,51.4192937314806,67.5372736911032,66.6134290009451,65.9432744961617,67.569409224561,66.6750793726953,43.805791541146,60.4600282247807,68.0401817106402,56.3572283476991,66.9282413841681,48.7861713902374
47.2537426247138,65.5213128089531,69.2664684013746,61.7677613615658,63.760387559963,64.1107573868731,65.2289251768179,66.6816898136329,41.1663999728423,61.6146895640919,64.9620857237579,50.8467753888419,50.7522958452384,67.1759142908197,68.6073030326088,50.6057141675359,58.1859004906735,63.8187230480355,49.3808611549684,51.4192937314806,67.5372736911032,66.6134290009451,66.2825635151138,67.5975426327708,66.6750793726953,43.8563859305552,60.5243393294653,68.2014407811726,56.3789573348374,66.9282413841681,49.0600440310544
47.2712056072744,65.5213128089531,69.2717331668547,63.3080693115665,63.760387559963,64.2274741943232,65.2422456270615,66.8032774307532,41.3353434709128,61.756262155455,64.9620857237579,50.8467753888419,52.9001140072938,67.3641009383561,68.6193090302632,50.6231396095062,58.268099420675,63.8187230480355,49.4940435025473,51.4527909837519,67.6229500525036,66.6134290009451,66.4940668984532,67.623415407182,66.6750793726953,43.8563859305552,60.5683895514944,68.2014407811726,56.3985119445672,66.9508582808639,49.0600440310544
47.2924975441262,65.5649008753041,69.2717331668547,63.3080693115665,63.8154614140804,64.2814654061782,65.2605148502834,66.8032774307532,41.9354189020544,61.7563442777289,64.9620857237579,50.8467753888419,52.9001140072938,67.3641009383561,68.6313814394538,50.6231396095062,58.2735355485777,63.8187230480355,49.8385905089427,51.4812849102616,67.6244638180334,66.6395759003956,66.5904055436693,67.623415407182,66.7520521328209,43.8563859305552,60.5844043239507,68.2085848569975,56.4061403071919,66.9508582808639,49.0600440310544
47.305659365974,65.5703899627371,69.3264684588517,63.3080693115665,64.0037834841894,64.2814654061782,65.2605148502834,66.8032774307532,41.9354189020544,61.7563442777289,64.9620857237579,50.8908640788628,54.2842433128712,67.3641009383561,68.6322522803489,50.6231396095062,58.3114404012836,63.8187230480355,49.8385905089427,51.4812849102616,67.6244638180334,66.6446193250452,66.5904055436693,67.623415407182,66.8297682160619,43.8634691340829,60.590478522655,68.7204845107468,56.4106393310424,66.9808124205597,49.0600440310544
47.3521177794627,65.5788592401018,69.3264684588517,63.5687969740992,64.0516050953035,64.3026481849275,65.3163401577016,66.8060323900229,42.3649200362223,61.7563442777289,65.0457975389117,50.9353348777546,54.2842433128712,67.4097655456043,68.6347122863302,50.6233327776164,58.3212160644864,63.8187230480355,49.8596241015725,51.515079452391,67.6355410749011,66.6574311950582,66.5904055436693,67.624506211673,67.0233265858231,43.8634691340829,60.6389103460464,69.1516084812223,56.4106393310424,66.9808124205597,49.1039615176337
47.3593835581972,65.5900466939276,69.3314506038475,63.5687969740992,64.0516050953035,64.3026481849275,65.3234126371652,66.819120417735,43.4585772380948,61.8050521546209,65.4606863852851,50.9354666911105,54.9872296872233,67.457291722148,68.6351855902462,50.6233327776164,58.3274000825345,63.9227797110482,49.8596241015725,51.5330772029493,67.6422683338729,66.6652497729116,66.6721301923822,67.6436800537581,67.1515105732971,43.8634691340829,60.6389103460464,69.2381167857336,56.4136669967425,66.9808124205597,49.132055527258
47.3867501618997,65.6301361299127,69.3379761320243,63.9355894875257,64.1075057898101,64.3097664959814,65.3379535316049,66.8280247424766,43.7187162252725,61.8050521546209,65.4606863852851,50.9756431191183,57.1564026945937,67.457291722148,68.6360350465032,50.6233327776164,58.3399256105203,63.9227797110482,49.8596241015725,51.5516171668895,67.6461701492924,66.6698235368003,66.726008268892,67.6436800537581,67.1515105732971,43.8634691340829,60.6441288115856,69.3402151948603,56.4278784920198,67.0886136690455,49.132055527258
47.4026372331059,65.6301361299127,69.3422719913521,63.9355894875257,64.1075057898101,64.3253243744088,65.3555304428365,66.8395043680092,43.7187162252725,61.8485649713595,65.4606863852851,50.9756431191183,57.1564026945937,67.457291722148,68.6370157677776,50.6260448421811,58.3399256105203,63.9825660904217,49.8644215508087,51.5657451808789,67.6592685229336,66.6715143286096,66.726008268892,67.6455812513377,67.3220900714325,43.8668873543091,60.6441288115856,69.484805784926,56.4278784920198,67.1171323464294,49.1489490841449
47.4033448356346,65.6451956072479,69.3578326564783,63.9355894875257,64.1075057898101,64.3272522523386,65.3564593587921,66.8395043680092,43.8088635596399,61.8789097171325,65.6359233998141,50.9756431191183,57.1564026945937,67.4579996762367,68.6373484610415,50.6301765619515,58.3415640596256,63.9825660904217,49.8903732538491,51.5730934136495,67.6592685229336,66.6739630646642,66.7936884428658,67.6455812513377,67.3220900714325,43.9041657388421,60.6615821548769,69.7055524153175,56.4293812152687,67.1171323464294,49.1489490841449
47.4033448356346,65.6496172982945,69.3714967798712,64.3397953981313,64.1075057898101,64.3466341622926,65.3744762663979,66.8526107201765,43.8786228409896,61.8962287597599,65.6359233998141,50.992821259899,57.2188896841418,67.4602087743947,68.6374567273471,50.6305198487304,58.3474752836613,63.9825660904217,49.9111425301448,51.5746278222359,67.6592685229336,66.6776454090886,66.9278103746134,67.6514759517192,67.332637026253,43.9041657388421,60.6615821548769,69.7055524153175,56.4293812152687,67.1171323464294,49.1717006253749
47.4033448356346,65.6563156259185,69.3782951366463,64.3397953981313,64.1075057898101,64.3659030213228,65.4137474115397,66.8526107201765,43.8786228409896,61.9217160574543,65.6359233998141,51.0309556265833,58.7374445276619,67.4602087743947,68.6375531516955,50.6305198487304,58.3474752836613,63.9825660904217,49.9402118388782,51.5787683400362,67.6679170643724,66.6781573826051,66.9278103746134,67.6516588731887,67.332637026253,43.9041657388421,60.6709317320941,69.735060537345,56.4293812152687,67.1171323464294,49.1717006253749
47.4087457902196,65.6563156259185,69.3800726343665,64.3397953981313,64.1118293680614,64.3659030213228,65.4242986532422,66.8612299459312,43.9029006046659,61.9225220537059,65.764250346817,51.0309556265833,58.7374445276619,67.4863708629611,68.6377253698937,50.6305198487304,58.3488691587968,63.9825660904217,50.071749405409,51.5805055654893,67.668333242556,66.6784040161165,66.9278103746134,67.6559911838421,67.3809909921895,43.9209453503089,60.6785790376167,69.7548174182407,56.4398010059767,67.1171323464294,49.2176565366639
47.4252935785164,65.667620755039,69.3800726343665,64.4833745211776,64.1594487260652,64.3799030168485,65.4382728900174,66.8612299459312,43.9123682669397,61.9319772576066,65.764250346817,51.0309556265833,58.9857467972901,67.4863708629611,68.6377458717523,50.6305198487304,58.3488691587968,63.9825660904217,50.071749405409,51.6344424333014,67.6696824207027,66.6793668232899,66.9601959105674,67.6574809718359,67.4110589456347,43.9252770602295,60.6785790376167,69.8700873340195,56.4398010059767,67.1171323464294,49.2204836416408
47.4303822550644,65.6762120323116,69.3806081201883,64.6790316829426,64.1910288537166,64.382531153831,65.4524038056679,66.8780948052922,43.9123682669397,61.9377797576829,65.764250346817,51.0482742569079,59.162338230751,67.5062322814264,68.6377591275027,50.6306135136897,58.3488691587968,63.9825660904217,51.4821995893515,53.5282187846492,67.6696824207027,66.6793668232899,66.9601959105674,67.6591844203311,67.4210756655508,43.9334325336871,60.6785790376167,69.8700873340195,56.4398010059767,67.1184244268529,49.2384340071925
47.4303822550644,65.6762120323116,69.3843390471842,64.6829663158548,64.1966886769374,64.382531153831,65.4524038056679,66.8780948052922,43.9123682669397,61.9377797576829,65.764250346817,51.0482742569079,59.162338230751,67.5062322814264,68.637778194846,50.6315282040102,58.3488691587968,64.0229921804937,51.4821995893515,53.5282187846492,67.6702389298458,66.6793668232899,66.9601959105674,67.659582118469,67.4210756655508,43.933494827122,60.6785790376167,69.8700873340195,56.4398010059767,67.1184244268529,49.2384340071925
47.4325407950487,65.6762120323116,69.3843390471842,64.7182807524726,64.2139351809298,64.382531153831,65.4524038056679,66.8780948052922,43.9664358669097,61.9418384146436,65.764250346817,51.0705818929337,59.2400496914915,67.5083690516505,68.6377891502083,50.6322993873181,58.351046063388,64.0229921804937,54.9102714538483,53.5282187846492,67.671919746056,66.6793668232899,66.961322203094,67.6609518128426,67.428207139733,43.9338177879551,60.678934534072,69.8700873340195,56.4398010059767,67.1184244268529,49.2384340071925
47.4325407950487,65.6765563674932,69.3886051913195,64.8371808293544,64.2139351809298,64.3910922515147,65.4575482470758,66.8780948052922,43.9664358669097,61.9425383259005,65.8654590232041,51.0705818929337,59.2420191181361,67.5103713606334,68.6377932106926,50.6325608304331,58.351046063388,64.0352481083626,54.9102714538483,53.5858768380408,67.6734316198818,66.6793846157844,66.962064625271,67.6609518128426,67.4507722888355,43.936483846054,60.678934534072,69.8757884817218,56.4401188608444,67.1184244268529,49.2384340071925
47.4347196383269,65.678534744971,69.3886051913195,64.8371808293544,64.2243952850966,64.3910922515147,65.4579600511922,66.8784879414226,43.9681854031915,61.9462197909269,65.8811523974832,51.0714644792983,59.2631479537724,67.5112087055222,68.637794024737,50.6325711630994,58.351046063388,64.0352481083626,54.9102714538483,54.4827499102505,67.6734316198818,66.6793846157844,66.9648594362407,67.6621184218975,67.4507722888355,43.9371696602805,60.678934534072,69.8757884817218,56.440223001204,67.1225908538142,49.2430733486207
47.4386119545934,65.678534744971,69.3907811227523,64.867193337156,64.2252803107233,64.3941293416054,65.4593258376304,66.8805161386525,43.9737355696388,61.9532034522128,65.9520455955092,51.0714644792983,59.351519632357,67.5179980573182,68.6377942048144,50.6325863768114,58.3512069847087,64.0352481083626,54.9102714538483,56.0784665243761,67.6734316198818,66.6794964434234,66.9817785891559,67.6621506571172,67.4759662112905,43.9371696602805,60.678934534072,69.8794036464607,56.4406984927913,67.1225908538142,49.2442935471485
47.4406131583738,65.6815517246541,69.397839524956,64.867193337156,64.2252803107233,64.3943421317411,65.4623513039927,66.8849982082758,43.9777051262577,61.9560302712006,65.9662920699689,51.0721300398294,59.351519632357,67.5179980573182,68.6377948293152,50.6327049594032,58.3514209778189,64.0352481083626,54.9102714538483,56.0784665243761,67.67357381528,66.6795871988721,66.9864759664251,67.6623261785827,67.479544930893,43.9373553018045,60.6793045790045,69.8794036464607,56.4407855703195,67.1225908538142,49.2442935471485
47.4409141023056,65.6815517246541,69.397839524956,64.8675035946419,64.2252803107233,64.3960836413383,65.4623513039927,66.8858107726444,43.9777051262577,61.9560302712006,65.9662920699689,51.0721300398294,59.351519632357,67.5179980573182,68.6377951797384,50.6327327151586,58.3514606675773,64.0572745957663,55.1330627651684,56.0784665243761,67.674142240928,66.6795902218654,66.9873955048746,67.6623261785827,67.479544930893,43.9375509940828,60.6793045790045,69.9055504415895,56.4407855703195,67.1241623451426,49.248374112075
47.4409398643385,65.6820870196372,69.397839524956,64.8675035946419,64.2319022297891,64.4003438374967,65.4623513039927,66.8858107726444,43.9777051262577,61.9560302712006,65.9662920699689,51.0735313761486,59.4439899831035,67.5183596343092,68.637795320208,50.6327416866816,58.3516062741067,64.0572745957663,55.1330627651684,56.0784665243761,67.6742646035748,66.6796585402243,66.9873955048746,67.6624720741537,67.4801284158554,43.9375509940828,60.6820683207408,69.9059105427454,56.4410108057403,67.1243999440689,49.248374112075
47.4409398643385,65.6820870196372,69.397839524956,64.8909429574437,64.2319022297891,64.4051317229936,65.46238719864,66.8858107726444,43.9777051262577,61.9673991221479,65.9662920699689,51.0757308732827,59.4676775790055,67.5183596343092,68.6377955889843,50.6327691409217,58.3516629867427,64.0609196828262,55.5082483618395,56.4290230508325,67.6742646035748,66.679685985032,66.9873955048746,67.6626483238324,67.4823210507072,43.9379884169914,60.6835458872516,69.9159279003035,56.4412999900906,67.1319800268389,49.248374112075
47.4416106343729,65.6822563813753,69.3979170764201,64.893975020805,64.2382544850208,64.4051317229936,65.4635613628949,66.8865097961319,43.9777051262577,61.9684061208013,66.0006232831358,51.0758338245554,59.4676775790055,67.5185731079556,68.6377956064008,50.6327772593251,58.3516861096156,64.0753796480486,55.6160640934591,56.4290230508325,67.6744452861892,66.679739114967,66.9873955048746,67.6627426954779,67.4823210507072,43.9384446666382,60.6835458872516,69.9159279003035,56.4413284182061,67.1320174659983,49.2502287367199
47.4416296883746,65.6823401579434,69.3983334507192,64.9232257898894,64.2382544850208,64.4051317229936,65.4635613628949,66.8878213519673,43.9802098529137,61.9695211135238,66.1154977794694,51.0785883055117,59.4676775790055,67.5190161251433,68.6377956400481,50.6327772593251,58.3517570497395,64.3487643389802,55.8324021385912,56.6111960319046,67.674491518194,66.679739114967,66.9873955048746,67.6627735481496,67.4851838442143,43.9384446666382,60.6837202266781,69.9159279003035,56.4413284182061,67.1369242351054,49.2516518530358
47.4416296883746,65.6830092558396,69.3996190665594,64.9232257898894,64.2382544850208,64.4052712587104,65.4638362088446,66.8888327134441,43.9845153974041,61.9695211135238,66.1154977794694,51.0807074192133,59.4676775790055,67.5191567664465,68.637795655344,50.6327859173435,58.3517570497395,64.3487643389802,55.9405047377784,56.7592573947828,67.6745270030332,66.6797616701222,66.9891259204018,67.6628193269855,67.4899632838938,43.9386236991757,60.6837202266781,69.9167940731122,56.4413390348158,67.1369242351054,49.2532739948353
47.4419944153858,65.6830092558396,69.3996190665594,64.9232257898894,64.2382544850208,64.4052712587104,65.4639314394006,66.8898148690089,43.9845153974041,61.9714820979913,66.1569868911227,51.0807074192133,59.4705302191691,67.5191567664465,68.6377956695874,50.6327859173435,58.3517609870878,64.4483012159348,55.9405047377784,56.7592573947828,67.6745270030332,66.6797651462634,66.9891259204018,67.6629275665871,67.4927767877447,43.9386236991757,60.6857510429722,69.9167940731122,56.441448501439,67.1369242351054,49.2532739948353
47.4419944153858,65.6831642441387,69.40104523735,64.9288045238054,64.2382544850208,64.4052712587104,65.464187819639,66.8900596987768,43.9845775980171,61.9726025906071,66.1569868911227,51.0835713923022,59.4764369695713,67.5191567664465,68.6377956726742,50.6327859173435,58.3517731983846,64.4483012159348,55.9611675913037,56.9222170920926,67.6745538097453,66.6797697433409,66.9954086883575,67.6630298481541,67.4930816580845,43.9387556963541,60.6857510429722,69.9210515331958,56.441448501439,67.136956368098,49.2532739948353
47.4419944153858,65.6834358549211,69.40104523735,64.9288045238054,64.2382544850208,64.4052712587104,65.4643553341847,66.8900596987768,43.9845775980171,61.9731092091721,66.1569868911227,51.0835713923022,59.4856672645371,67.5197605316662,68.6377956772991,50.6327870955603,58.3517944587866,64.4483012159348,56.2823783085702,57.2261120612635,67.6745603312881,66.6797729942808,66.9954086883575,67.6630370697247,67.4963698531809,43.9387556963541,60.6861652617927,69.9210515331958,56.4416238698234,67.136956368098,49.2548350963788
47.4419944153858,65.6834358549211,69.4015733713524,64.9369773711615,64.2382544850208,64.4052712587104,65.4643553341847,66.8911099227137,43.9849936635792,61.974387441843,66.1569868911227,51.0837855767185,59.5026597808193,67.5197605316662,68.6377956820449,50.6327892994773,58.3517959884559,64.4601773143998,56.4134011442401,57.4173498059043,67.6745714404133,66.6797761189828,66.9954086883575,67.6630703094315,67.4978616940319,43.9387711211198,60.6861996176435,69.9219814952746,56.4416238698234,67.1375376955665,49.2548350963788
47.4420267886779,65.6835913188904,69.4017033286027,64.9410076603617,64.2427227033515,64.4053322110239,65.4647898152739,66.891235008999,43.9849936635792,61.9745068967056,66.1569868911227,51.0839314859346,59.5029188947149,67.5200383680083,68.63779568257,50.6327892994773,58.3517983428286,64.778899380431,56.4134011442401,57.4173498059043,67.6745714404133,66.6797761189828,66.9974144744988,67.6630876611267,67.4978616940319,43.9387777783992,60.6861996176435,69.9223210490947,56.4417497212251,67.1375376955665,49.2548350963788
47.4420884044386,65.6836153044059,69.402113710471,64.9442317759956,64.2427604397922,64.4089687889022,65.4649831131979,66.8913622036064,43.9849936635792,61.9746688589926,66.1569868911227,51.0841242726696,59.5058602549485,67.5215465381806,68.6377956831641,50.6327892994773,58.3517983428286,64.8379278145884,56.5654445333301,57.5428339956159,67.6745806684945,66.6797786146904,66.9974144744988,67.6630876611267,67.4978616940319,43.9388136266778,60.6864560778518,69.9255689782176,56.4417953080376,67.1379790607951,49.2548350963788
47.4421152935889,65.6836618929868,69.4022165566597,64.9442317759956,64.2427604397922,64.4089687889022,65.465081805957,66.8916654889936,43.9849936635792,61.9755684535116,66.1569868911227,51.0841242726696,59.5223734843351,67.5215465381806,68.6377956831868,50.6327892994773,58.3517983428286,64.8660483791758,56.5654445333301,57.5428339956159,67.6745830534538,66.6797793342639,66.9974144744988,67.6630903480239,67.4978616940319,43.9388365564927,60.686906258217,69.9257619220681,56.4419140617004,67.1381176493489,49.2550788947268
47.4421955308675,65.6836618929868,69.4030416312259,64.9458474048437,64.2427604397922,64.4089687889022,65.4651421196881,66.8916654889936,43.9856183898482,61.9755684535116,66.1569868911227,51.0844718707983,59.5284949996992,67.5216226067975,68.6377956834492,50.6580653647158,58.3517983428286,64.8660483791758,56.6155812781633,57.6584600906914,67.6745858050005,66.6797825571245,66.9974144744988,67.6630903480239,67.4980295048227,43.9388716584849,60.686906258217,69.9260820386024,56.4420118733591,67.1381176493489,49.2553047211725
47.442205091274,65.683750002465,69.4039131655654,64.9473679173495,64.2434749213515,64.4094779358568,65.4653077814213,66.8917791766991,43.9857000092469,61.9755684535116,66.1569868911227,51.0846580591774,59.5284949996992,67.5216226067975,68.6377956834896,50.6737253416995,58.3517983428286,64.9933914774586,56.6155812781633,57.7051117486852,67.6745871261099,66.6797839974809,66.998395016102,67.6630903480239,67.4980295048227,43.938872672638,60.6872639025349,69.9260820386024,56.4421833406689,67.1392605839995,49.2568002465551
47.4422553615796,65.6837687559071,69.4039135695356,64.9473679173495,64.2442540209404,64.4096963958798,65.4654970415628,66.8917791766991,43.986402912589,61.9758702437172,66.1569868911227,51.0846580591774,59.5310347428254,67.5217429538522,68.6377956835256,50.6807990973532,58.3517983428286,64.9933914774586,56.6290754195899,57.8575566666311,67.6745913742142,66.6797852730439,66.998395016102,67.6630903480239,67.4983823660689,43.9388762413212,60.6872639025349,69.9278248254654,56.4422586999355,67.1397236232627,49.257118223701
47.442263616945,65.6837963997978,69.4041448115831,64.9484336779477,64.2442540209404,64.4096963958798,65.4655799646555,66.891819634611,43.986402912589,61.9758702437172,66.1569868911227,51.0846580591774,59.5331502241596,67.5218359673119,68.6377956835284,50.6807990973532,58.3518005171272,65.0845594897018,56.6290754195899,57.8575566666311,67.6745924462206,66.6797872009981,66.9992831414062,67.6630903480239,67.4983823660689,43.9388762413212,60.6872639025349,69.9282449798217,56.4422586999355,67.1403162993792,49.2574294351598
47.4422696110927,65.6837992140076,69.4041448115831,64.9484744376187,64.2449301842473,64.4101226014851,65.4655824532998,66.8921457889015,43.9866745210909,61.9758702437172,66.1648704868417,51.0846580591774,59.535143291409,67.5219257439093,68.6377956835783,50.6807990973532,58.3518005171272,65.0845594897018,56.6903032251867,57.9037166076793,67.6745924986342,66.6797872009981,66.9992831414062,67.6630903480239,67.4992269763737,43.9388777208083,60.6872639025349,69.9282449798217,56.4422586999355,67.1403162993792,49.2574294351598
48.5499490636658,65.6837992140076,69.4049285683008,64.9488626593019,64.2449301842473,64.4104860197395,65.4656103337893,66.8921457889015,43.9867566951917,61.9758702437172,66.1648704868417,51.0848376271733,59.5364991497385,67.5219257439093,68.6377956835832,50.685626505576,58.3518005171272,65.157273209478,56.6903032251867,57.9037166076793,67.6745933095153,66.6797873229451,66.9992831414062,67.6630903480239,67.4994759564011,43.9388777208083,60.6872639025349,69.9282449798217,56.4422594343959,67.1403162993792,49.2579619689583
46.4955225110678,63.3672250411803,64.6025086301537,54.6376985653028,30.0312893990317,49.6565633088645,67.5435073024654,55.9269185353842,35.6342309256352,53.0851107336485,56.1012590530507,39.780238136054,41.4786106835815,27.4460400813753,45.3939152863459,49.7173393258095,39.6876739939015,53.8424116023753,37.7237048263385,37.4510534048935,59.9296864391703,55.6096330382488,59.9831330485742,51.1394700695417,49.2098666382884,48.3257684725208,41.2706703506844,34.2312885047491,49.1683726243413,52.7445153877513,39.4823007469546
47.1641672825815,63.3673573723469,64.6084880506785,55.6069669972105,63.1524581484772,56.9510125292241,67.5473189157332,55.9308259535863,47.1959313090453,53.0908400400693,58.1295688396376,41.5411060329215,58.2481865603123,48.5841829711862,58.0714755426356,49.7173831738372,60.1574895869131,56.4750243808944,60.0976667483189,57.9424425746846,59.9297089536961,55.6096761664181,59.9893370848684,61.4546519494157,62.1198395709384,48.3259047469013,63.9437855541561,58.2641072944275,49.1701981648622,61.8676108840564,42.7095811712518
47.9504168539908,63.3687000607234,64.6225591402448,55.6194470491869,63.1534151425873,56.9600040077373,67.5779294791378,55.9347203025794,47.2061350485904,53.1057514473296,58.1295688396376,41.5452000565452,58.3009465966501,48.6070476400625,58.07147555461,49.7175809759618,61.6519156233191,57.3170524481211,60.8407757969289,60.2324597221182,59.9299115644552,55.6100575297814,60.0484378328375,61.9819664702383,62.1534475752895,48.3261614342002,63.9455622665034,58.288030728365,49.1779923004747,61.8778877722668,44.0589480409075
51.1306454832525,63.3708245729347,64.6513110479817,55.9009652037359,63.1568979250187,56.9600428496173,67.7144538979903,55.9524772334104,47.2472540486266,53.1471820225796,58.1367141072753,41.5622176863628,58.3932758323542,48.6523243471652,58.0714758076583,49.7566298352586,61.6519156233191,59.5023961644864,61.695541738377,60.2324597221182,59.9309228103446,55.6114900743374,60.0817929030252,62.2536294841682,62.2552858139846,48.3278617304937,63.9538270370428,58.3745040924675,49.1894539703937,63.3545039373523,44.1474526190347
51.1306454832525,63.386828984275,64.8102783986008,56.7416394384052,63.1976659318144,56.9999575329281,67.8351588348873,55.9821354106184,47.4489000811254,53.3651690677369,58.2378405884858,41.5820736172418,58.7298452610238,48.8195136287496,58.071486366512,49.9642182519569,61.8144843182721,59.7100369412459,65.2986864501975,60.7615468932394,59.941398388238,55.6136962904371,60.1807367050592,62.5489805797107,62.6650089965373,48.3410144052395,63.9679418799276,58.4213396125886,49.2637326892497,64.8878881978302,45.1547518586504
51.1306454832525,63.8075674106327,65.1349916211162,60.4237930248385,63.2282556474827,57.1166694950521,68.054995964115,56.1168134484487,48.716016615552,53.6481099803087,60.2144436224045,41.7734162911614,59.5501466322585,49.4036912728247,58.0716560202949,50.6186804125702,62.2617606055619,65.2963117963139,65.7282532657712,60.7615468932394,59.9774906562397,55.621687625084,60.4149065959508,62.5594792389308,62.6650089965373,48.3827325957927,63.9888253764359,59.6445888773482,49.4200559255537,64.9595008050971,45.6601871931346
53.3897544372703,65.0378346486766,65.4142392066064,60.4237930248385,63.3744498276489,57.4141451715476,68.3164791162459,56.4525722161723,49.5181774002303,54.735593352537,60.4644370193237,42.0923482340504,60.5285617480273,50.1805764971222,58.0750170404534,50.9027935705701,62.2617606055619,65.2963117963139,66.1637473977582,60.7615468932394,60.3394646866993,55.6910644129987,61.1665561115451,62.7387264801291,63.1592124931362,48.5398087832599,64.1956226101689,60.4578977791934,49.699051920338,65.4657301752413,46.0917069154191
53.3897544372703,65.9186130606844,65.5086799935383,61.8528197124428,63.7851247220454,57.7826960521136,68.3342346781996,58.0702157547137,49.6140682429449,54.9057233331824,61.3979734643964,42.3772618205071,61.9124749844775,50.1805764971222,58.1641736748066,51.02074279206,62.2617606055619,65.2963117963139,66.2226423549011,61.072543500547,62.1966400208896,56.1172780732411,63.0337695515095,62.7576670235252,63.4101421659446,49.1945103554725,65.1826363176199,64.112001324962,49.9265313625815,65.4657301752413,46.0917069154191
53.3897544372703,66.1466096438127,65.7751698429894,62.3323300236846,63.8634530346175,58.0472756691289,68.3858415728548,58.4750555223595,49.6455354582645,54.933955502757,61.464798953405,43.8498211604491,61.9124749844775,50.1805764971222,61.6926867499912,51.7008639475917,62.2617606055619,65.2963117963139,66.2226423549011,61.1516405484653,62.9391662013414,56.5007035120975,63.6195467512374,62.7576670235252,64.407189970897,50.3704881538801,66.0575137729798,65.4792790570034,50.1546688355813,66.7359115662842,46.0917069154191
53.3897544372703,66.1466096438127,66.5767944811428,62.3323300236846,63.9747967781584,59.2635073846087,68.5570198288861,58.7214878030923,49.9098639118484,55.1086542793869,65.7909652016075,44.2271807846823,61.9124749844775,50.2889840159282,62.093457325233,51.872520933954,62.3225290438868,65.2963117963139,66.3477084100396,61.1569234320863,62.9391662013414,57.2405656438735,65.6605527139054,62.7576670235252,67.5919607454389,50.6930050236454,66.0726051013458,66.3190977066938,50.2638579419998,68.0568235873618,46.2022439092696
55.200842848632,66.2733361580251,66.5767944811428,62.3323300236846,64.0059251107588,59.6638648947004,68.6406041709455,59.0946126426413,50.1033489787232,55.2811808710485,65.7909652016075,44.4064789557757,62.0403735669434,50.2889840159282,62.8416240801706,52.0368419581421,62.3244899857385,65.2963117963139,66.3477084100396,61.1569234320863,63.0566816031179,57.4661641134017,65.6605527139054,62.801270146496,67.5919607454389,50.6930050236454,66.2646741602713,67.6391024569522,50.2638579419998,68.0568235873618,46.2022439092696
55.200842848632,66.2733361580251,66.5767944811428,62.5252376547386,65.0331964589114,59.8634783343997,68.6406041709455,59.6676005916951,50.2386676211082,55.3202629225861,65.7909652016075,44.7263085228248,62.585518265875,50.3610781974026,62.9948003914449,52.0368419581421,62.3356541857615,65.9183666313809,66.7467156995708,61.2282198083318,63.0566816031179,57.4783797843869,65.6605527139054,62.801270146496,68.053833754285,50.9691530612198,66.2646741602713,67.6391024569522,50.3833153167342,68.4795519071585,46.2022439092696
56.6376247132425,66.2733361580251,66.7213147494113,62.5252376547386,65.0331964589114,59.8634783343997,68.6432782896306,59.958273529821,50.2864530018375,55.3202629225861,65.7909652016075,44.7263085228248,62.9041304360742,50.3610781974026,62.9948003914449,52.0368419581421,62.3483808179652,65.9183666313809,66.7467156995708,61.3524624613154,63.0566816031179,57.4846774078975,65.6605527139054,62.801270146496,68.053833754285,50.9691530612198,66.2646741602713,67.674559514786,50.5505180155163,68.4795519071585,46.5526254977793
57.1322844623767,66.343267314265,66.7213147494113,62.5817640362715,65.3959121043866,59.8634783343997,68.6432782896306,59.958273529821,50.334419012906,55.3684070987096,65.7909652016075,45.149560381246,63.875770918037,50.3628921487904,63.203950785189,52.1177808411539,62.3483808179652,65.9183666313809,66.7467156995708,61.4525285954973,63.0566816031179,57.7032241412688,65.6605527139054,62.8060060124151,68.501113680577,50.9691530612198,66.3180381538042,67.674559514786,50.7926444376138,68.4795519071585,46.7007253233366
59.0516047901541,66.4813344424179,66.7438591200821,62.695173285765,65.3959121043866,60.0131041318813,68.6432782896306,59.958273529821,50.4373084204964,55.659400182217,65.7909652016075,45.6352565275601,64.401977640743,50.4044514766393,63.235571274549,52.183822802655,62.3925725806453,65.9183666313809,66.7467156995708,61.4525285954973,63.1128721113046,57.713205849854,65.6605527139054,62.81757726683,68.5901425432349,50.9988485766419,66.3388544510975,67.7374240405659,50.7926444376138,68.4795519071585,46.7007253233366
59.1137400032771,66.5355012742938,66.7779520868159,62.7128095893402,65.3959121043866,60.1175493312035,68.6432782896306,59.9726374249439,50.4624890814086,55.7966154837358,66.0937350549723,45.715732330608,64.4468296037991,50.4162011060151,63.2568166732636,52.183822802655,62.4019699001158,65.9183666313809,66.7467156995708,61.4552339006987,63.2304588799969,57.8689767266192,65.8746337791379,62.8248210047523,68.5901425432349,51.0688995726597,66.5409205673486,67.8960482125704,50.7926444376138,68.4795519071585,46.7007253233366
59.535728860156,66.5450058368257,66.8011861719851,62.8330583220062,65.3959121043866,60.3056453830814,68.6721180967717,59.9726374249439,50.4624890814086,55.7966154837358,66.2560444524289,46.1787690502862,64.4468296037991,50.4171473552339,63.2691363966533,52.2026812767897,62.4338197377684,65.9507795768674,66.7467156995708,61.4572627982875,63.2304588799969,57.883182621467,65.9082657374252,62.8298214221392,68.7491098076756,51.127144163803,66.5409205673486,67.8960482125704,50.7926444376138,68.4795519071585,46.7007253233366
59.7558110274436,66.6877920291229,66.8011861719851,62.8330583220062,65.5069167821476,60.5958379388401,68.6909697536471,59.9726374249439,53.1688834415045,55.9395921980221,66.6630262434896,46.4080397993098,64.4468296037991,50.4171473552339,63.2767277653711,52.2736383834314,62.4357479172569,65.9507795768674,66.9331430188728,61.4618158803799,63.3200827380262,57.9105325333848,66.0255886517899,62.8558894798777,68.7491098076756,51.1813893317953,66.5426869069664,68.0166184975158,50.8933736725219,68.4795519071585,46.7137919391311
59.7558110274436,66.6877920291229,66.8011861719851,62.8330583220062,65.5069167821476,60.7270477398797,68.7195598084622,59.9726374249439,53.1688834415045,56.0075893916565,66.6630262434896,46.4080397993098,64.4468296037991,50.437425735019,63.2815042186709,52.2987264707144,62.4581063667805,65.9507795768674,66.9331430188728,61.4618158803799,63.3435218776187,57.9112899321233,66.0255886517899,62.8558894798777,68.9474635293621,51.1813893317953,66.5426869069664,68.0166184975158,50.99453238193,68.4795519071585,46.8412269998111
60.0728187453309,66.6877920291229,66.8602318504942,62.8330583220062,65.5069167821476,60.7270477398797,68.7195598084622,60.0405187889235,53.1688834415045,56.054274941738,66.683386559651,46.4080397993098,64.4800057139728,50.437425735019,63.2837000506368,52.308477795252,62.4581063667805,65.9913338683284,67.1419926947265,61.4846269963303,63.3711336555686,57.9141603502389,66.0255886517899,62.8558894798777,68.9474635293621,51.1938463833189,66.5545765534764,68.0166184975158,50.99453238193,68.4795519071585,46.8412269998111
60.0728187453309,66.7084000174633,66.8602318504942,62.8570995063999,65.5069167821476,60.9537425297304,68.7236700282707,60.0563018618942,54.0333787780266,56.0726667076637,67.0456621268994,46.5511709423673,64.5137452068892,50.4388199769012,63.2850255654558,52.308477795252,62.4581063667805,65.9913338683284,67.1419926947265,61.4848884557269,63.3711336555686,57.9141603502389,66.0381963592683,62.8558894798777,69.1349773594605,51.2038128069269,66.6024330166044,68.0166184975158,50.99453238193,68.4795519071585,46.8412269998111
60.0728187453309,66.7175066595234,66.8602318504942,62.8570995063999,65.5783523772266,60.9703191478451,68.727026348876,60.0563018618942,54.0333787780266,56.0726667076637,67.2658122163119,46.5869206525752,64.5137452068892,50.4550056616073,63.2868623458285,52.3167443301205,62.4696979183719,66.3977446915126,67.2093208324632,61.4848884557269,63.3711336555686,57.9141603502389,66.1554800252041,62.8558894798777,69.1349773594605,51.2145604670572,66.6114240797551,68.0168391608536,50.99453238193,68.4913945380825,47.0813447380867
60.0728187453309,66.7460038892088,66.8602318504942,62.8570995063999,65.6002312523258,60.9703191478451,68.7361333348135,60.105783518334,54.2388416392802,56.0882016292378,67.2974908165007,46.5921492590395,64.7189458632507,50.4550056616073,63.2877255824431,52.3251273605453,62.4696979183719,66.3977446915126,67.2144659904777,61.4926236453593,63.3767184584891,57.9184341012644,66.1554800252041,62.8558894798777,69.2342863464117,51.2195154187771,66.6114240797551,68.0315666963607,51.0727391622735,68.9671070590353,47.0813447380867
60.0728187453309,66.7579733688668,66.8676766145841,62.8813622510162,65.6002312523258,60.9703191478451,68.7371366101647,60.4115786181829,54.3840787612401,56.1171144713599,67.4170447575294,46.5921492590395,64.7189458632507,50.4587928636725,63.2879943731775,52.3251273605453,62.4785607058702,66.5602681768832,67.2500146191548,61.493163476299,63.3774182485905,57.9247055995597,66.1630446634599,62.8558894798777,69.3986530385433,51.2243940015969,66.6114240797551,68.0496469136935,51.0727391622735,68.9671070590353,47.0813447380867
60.0866711031233,66.7579733688668,66.892870723408,62.8813622510162,65.6823202964038,61.2066003986266,68.7474557662942,60.4115786181829,54.6823231611304,56.1312766667657,67.4170447575294,46.6091083483917,64.8721719808317,50.4604914552491,63.2884005865349,52.3302818714319,62.4785607058702,66.5602681768832,67.2595386927667,61.4968499199289,63.3802424423739,57.9247055995597,66.1977737113861,62.8558894798777,69.3986530385433,51.2255902124805,66.6114240797551,68.0496469136935,51.0799342010709,69.0240756825718,47.0813447380867
60.2059995875358,66.7971888765321,66.892870723408,62.8873905402964,65.7083443386864,61.2066003986266,68.7474557662942,60.4115786181829,55.3353440333084,56.1344109273863,67.4170447575294,46.6609934793636,64.8721719808317,50.4732084485868,63.2886785007871,52.3392557923516,62.4848919731565,66.8746317653498,67.2620627514112,61.5011674023784,63.3832043816621,57.9259255124024,66.2058636852315,62.8558894798777,69.4317320514472,51.2270351487677,66.6114240797551,68.1003171666434,51.0882197589324,69.2429058754798,47.0995638320722
60.2059995875358,66.8023842265069,66.892870723408,62.8928147178269,65.710687409192,61.2066003986266,68.7487669572883,60.4115786181829,55.3353440333084,56.1344109273863,67.6578857587846,46.6609934793636,64.9568301328436,50.4838820864551,63.2886785007871,52.3489251308221,62.4867949769676,66.8746317653498,67.2955590543058,61.5013232698365,63.3832043816621,57.9316977386999,66.2058636852315,62.8558894798777,69.4688261798217,51.2295246305245,66.6114240797551,68.1028246538232,51.1296134181933,69.47140334299,47.0995638320722
60.2059995875358,66.8068961298711,66.8942057100491,62.9077399693934,65.7314143331628,61.2066003986266,68.7487669572883,61.0868896836866,55.694251735295,56.1420070785067,67.8834016696562,46.7100295086495,64.9568301328436,50.4847107759512,63.2887546682165,52.3489251308221,62.4867949769676,66.8746317653498,67.311350228711,61.5014658651762,63.3895642628369,57.9339111725564,66.2080426900281,62.8561545832343,69.4991166406266,51.2295246305245,66.6114240797551,68.1422538144245,51.1319326600596,69.47140334299,47.1106134000137
60.2059995875358,66.8106181846018,66.9014723015723,62.9182556870468,65.7562737661214,61.2320513776053,68.7487669572883,61.0868896836866,55.7637711681926,56.1548392234399,67.8834016696562,46.7100295086495,65.0075317371551,50.4867945143,63.2887858893882,52.3522113795985,62.4911688299194,66.8746317653498,67.3218176991676,61.5026747344083,63.3903103486204,57.9355663096218,66.2080426900281,62.8566678865674,69.5083822677315,51.2299215158133,66.6114240797551,68.1592947459527,51.135460794814,69.5409085453905,47.1321165886809
60.235405115847,66.8138567588369,66.9093509733353,62.9416098815771,65.7992319986037,61.2320513776053,68.7497337513655,61.3354878582691,55.7637711681926,56.1792841961854,67.8834016696562,46.7100295086495,65.1937403637469,50.4926823776192,63.2888255472409,52.3537433611515,62.492927984277,66.8746317653498,67.3218176991676,61.5026747344083,63.3917042391571,57.9355663096218,66.2122749622748,62.856688960913,69.5083822677315,51.2328658602988,66.6199189321714,68.1592947459527,51.135460794814,69.5409085453905,47.1503432063139
60.2463318520018,66.815755012837,66.9093509733353,62.9701013524101,65.8400491106501,61.2324152586462,68.7511766746154,62.4105399262243,55.9634750844825,56.1794712291303,68.2285599254188,46.7100295086495,65.1937403637469,50.4926823776192,63.2888291942613,52.355909296512,62.4933928450868,66.8915802591215,67.3218176991676,61.5036552076916,63.3943479987387,57.9355663096218,66.2173284932826,62.8568733686031,69.5083822677315,51.2334290928289,66.6320872063709,68.1592947459527,51.135460794814,69.5578969627928,47.1503432063139
60.2463318520018,66.815755012837,66.9093509733353,62.9803366942446,65.8409677133519,61.2600806319465,68.7514071728423,62.4105399262243,55.9634750844825,56.1804593186061,68.2285599254188,46.7100295086495,65.1937403637469,50.4961830489382,63.2888300669319,52.356363746559,62.4944741264622,66.9160704800855,67.3218176991676,61.5049435141658,63.3943479987387,57.9363019710011,66.2173284932826,62.8571132734246,69.5342745525638,51.2338584438484,66.6320872063709,68.1605685951979,51.135460794814,69.5779729267307,47.1503432063139
60.2479766288432,66.8186468930835,66.9093509733353,62.9870222014922,65.8795518733314,61.2756111258538,68.7514320979025,62.6267204167694,55.9634750844825,56.1814992004483,68.2285599254188,46.7165639810481,65.1937403637469,50.4983869560079,63.2888327004199,52.356363746559,62.4946334114023,66.9350633499838,67.3218176991676,61.5061018237337,63.3943479987387,57.936709760939,66.2173284932826,62.8576632467921,69.5342745525638,51.2339860759808,66.6360457819583,68.1634729619623,51.135460794814,69.5864095953904,47.1733336904913
60.2586418855084,66.8216424891329,66.912566504401,62.9882750229883,65.8974951300437,61.2756111258538,68.7515642435612,62.6267204167694,55.9634750844825,56.1814992004483,68.2285599254188,46.7165639810481,65.1937403637469,50.4983869560079,63.288836568016,52.3582868826752,62.4950433906969,66.9350633499838,67.3294763067033,61.5061018237337,63.3944648192848,57.9369181101039,66.218462188223,62.8576632467921,69.5342745525638,51.2341359429949,66.6360457819583,68.1634729619623,51.1449677452575,69.5864095953904,47.1733336904913
60.2586418855084,66.8216424891329,66.912566504401,62.9917502633312,65.9097273349526,61.2756111258538,68.7522207918377,62.6267204167694,56.0727161659752,56.1866624085506,68.2285599254188,46.7202199856925,65.1937403637469,50.4986308880711,63.2888372906847,52.3591009341419,62.4950433906969,66.9619016340392,67.3294763067033,61.5066742919334,63.3947283180346,57.9369220722585,66.227309423313,62.8578010519777,69.5563230234675,51.2346090951398,66.6360457819583,68.1634729619623,51.1494791381861,69.6181306498339,47.1733336904913
60.2603255482799,66.8216967671898,66.9178372152904,62.9917502633312,65.9253142097824,61.2822560089503,68.7522207918377,62.6267204167694,56.0727161659752,56.187199953638,68.2285599254188,46.7202199856925,65.1937403637469,50.5024839884861,63.2888384218183,52.3598883762681,62.4952198010257,66.9619016340392,67.3395111904462,61.5067779052051,63.3948868052844,57.9370238954982,66.2334528767083,62.8578259820254,69.5574545409252,51.2348223549832,66.6360457819583,68.1634729619623,51.1494791381861,69.6202380215869,47.1761027131226
60.2613125659714,66.8216967671898,66.9178372152904,63.0008060468907,65.9283632085702,61.2822560089503,68.7522900556255,62.8199365722861,56.0727161659752,56.1876566005613,68.2285599254188,46.7252793263079,65.1937403637469,50.5024839884861,63.2888390091157,52.3598883762681,62.495670233448,66.9619016340392,67.3395111904462,61.5068857111534,63.3949724803192,57.9375429289947,66.2493160710211,62.8578356133221,69.5584706566411,51.2348223549832,66.6360457819583,68.1675618609924,51.1627349667085,69.6202380215869,47.1761027131226
60.2626625918781,66.8226881643226,66.9193897033804,63.0026941099506,65.9307149451363,61.2822560089503,68.7526136843977,62.8199365722861,56.1280487401046,56.1876566005613,68.2285599254188,46.7252793263079,65.2315141248986,50.5024839884861,63.2888393406952,52.3598883762681,62.495670233448,66.9619016340392,67.3421585053847,61.5072737422116,63.395341812985,57.937547012231,66.2493160710211,62.8579923176083,69.5756799557622,51.2348656923136,66.6384828052217,68.1691712827344,51.1627349667085,69.6215790543651,47.1761027131226
60.2722418803076,66.8226881643226,66.9193897033804,63.0060101530974,65.9335769017183,61.2882314281486,68.7527008936362,62.9561839370996,56.1280487401046,56.1888196663738,68.2545600174713,46.7252793263079,65.2315141248986,50.5024839884861,63.2888393577999,52.3607904806137,62.495670233448,66.9769467556562,67.3421585053847,61.5075845471593,63.395341812985,57.9376147332261,66.2493160710211,62.8579923176083,69.5806372611299,51.2350042230289,66.6416626413679,68.1729017857996,51.1642164171389,69.6350366874505,47.1761027131226
60.2722418803076,66.823380605044,66.9193897033804,63.0093012491876,65.9335769017183,61.299828103184,68.7527157003733,63.2877234996511,56.1421975395395,56.1888464903078,68.2821865477956,46.7261450922907,65.243177918924,50.5024839884861,63.2888394308564,52.3609677059391,62.495670233448,66.9769467556562,67.3454625620741,61.5075845471593,63.3953513708734,57.9376536009348,66.2516572396966,62.8579923176083,69.5875881087094,51.2351291496852,66.6416626413679,68.1833046127594,51.1642164171389,69.6443875633101,47.1944416445888
60.2722418803076,66.8235066923232,66.9197067503954,63.0117441485436,65.9335769017183,61.3014352515583,68.752766515753,63.7095170569813,56.177237080079,56.1888464903078,68.2821865477956,46.7264955523388,65.243177918924,50.5024839884861,63.288839440886,52.3616544143524,62.4957772647102,67.0002954443763,67.3454625620741,61.5077577348202,63.3954171769962,57.9376772592033,66.2516572396966,62.8580321198269,69.5875881087094,51.2351474750115,66.6430560579789,68.1833046127594,51.1642164171389,69.6443875633101,47.1944416445888
60.2760946297286,66.8235646162189,66.9202323407425,63.0134595841262,65.9335769017183,61.3061940737297,68.752771511148,63.7095170569813,56.2369901832048,56.1891247938572,68.3027099618865,46.7264955523388,65.2496761541197,50.5024839884861,63.2888394700506,54.1964124945345,62.4957927811773,67.0002954443763,67.3454625620741,61.5080047106318,63.3954444456681,57.9377080970495,66.2567210694275,62.858097622501,69.5985044908777,51.2351474750115,66.6430560579789,68.1833046127594,51.1643814275169,69.6567205155936,47.1944416445888
60.2760946297286,66.8237723781748,66.9202323407425,63.0149604936129,65.9335769017183,61.3061940737297,68.752806147403,63.7095170569813,56.2547681194563,56.1891247938572,68.3220566222826,46.7265430696187,65.2496761541197,50.5024839884861,63.2888394756778,56.0180106770851,62.4959812509234,67.0002954443763,67.3454625620741,61.5080997595189,63.3954789445028,57.9377829873837,66.2598401500243,62.8582637962245,69.5985044908777,51.2351574620101,66.6430618513034,68.1833046127594,51.1643814275169,69.6567205155936,47.1944416445888
60.2780814388322,66.8237973447361,66.9202323407425,63.015519720128,65.9335769017183,63.7563524267764,68.7528495219067,63.7095170569813,56.2824152241621,56.1891247938572,68.3220566222826,46.7265430696187,65.2496761541197,50.5024839884861,63.2888394811445,56.0180106770851,62.4961449454144,67.0127141046523,67.3454625620741,61.5080997595189,63.3955694695146,57.9378377167134,66.260972997468,62.8584881152736,69.6007667806489,51.2351619682279,66.6430618513034,68.1841853453409,51.1649211691032,69.6567205155936,47.3287297710613
60.2789664308744,66.8237973447361,66.9204158503532,63.0162996789728,65.9356851675851,63.7563524267764,68.7528495219067,63.7095170569813,56.2824152241621,56.189248876784,68.3276579401618,46.7271356087047,65.2698405095333,50.5024839884861,63.2888394814065,56.6771562197509,62.4961449454144,67.0127141046523,67.3454625620741,61.508135233023,63.3955703779154,57.9378377167134,66.260972997468,62.8584881152736,69.6056555938898,51.2351722699452,66.6430618513034,68.1855654540918,51.1649211691032,69.6567205155936,47.7376257157638
60.2798213929445,66.8239577075923,66.9204847090974,63.0166866268748,65.9361985929695,63.7563524267764,68.7529221273397,63.7095170569813,56.3085817821492,56.1892838499006,68.3276579401618,46.7279817220869,65.2698405095333,50.5028238927372,63.2888394817177,57.3386855449217,62.4961867468435,67.0127141046523,67.3454625620741,61.5081999190351,63.3956009142465,57.9378475343861,66.260972997468,62.8584881152736,69.6056555938898,51.2351754334597,66.6430618513034,68.1855654540918,51.1666379205041,69.6567205155936,47.7376257157638
60.2798213929445,66.8239577075923,66.9214094345859,63.0166866268748,65.9369849830356,63.7563524267764,68.7529221273397,63.7095170569813,56.320164057528,56.1894048256183,68.3996869651048,46.7280333850214,65.2698405095333,50.5028238927372,63.2888394825015,58.2294035838186,62.4961903211734,67.0127141046523,67.3454625620741,61.5081999190351,63.3956067254137,57.9378712133775,66.260972997468,62.8584881152736,69.6056555938898,51.235184948673,66.6432774682993,68.1855654540918,51.1673738005058,69.6567205155936,47.7376257157638
60.2798213929445,66.8239970088793,66.9214094345859,63.0175264704237,65.9381474711682,64.5212070140768,68.7529297315016,63.7095170569813,56.320164057528,56.1894048256183,68.4389541146343,46.729029462987,65.2698405095333,50.5028238927372,63.2888394829194,58.3826398355105,62.4961903211734,67.0127141046523,67.3454625620741,61.5081999190351,63.395627932588,57.9378789328188,66.261893704056,62.8584881152736,69.6056555938898,51.235184948673,66.6434863532353,68.1881083808021,51.1673738005058,69.6582166899091,47.7376257157638
60.2798213929445,66.8239970088793,66.921776194354,63.0175264704237,65.9391191108237,64.5212070140768,68.7529297315016,63.7095170569813,56.3287020219461,56.1894761404126,68.4389541146343,46.7292806833896,65.2765528778135,50.5028238927372,63.2888394829566,58.6057086369293,62.4961903211734,67.0127141046523,67.3458944336683,61.5082130810636,63.3956284919789,57.9378876345987,66.2623579001199,62.8584881152736,69.6056555938898,51.235184948673,66.643755936829,68.1888019879752,51.1673738005058,69.6582166899091,47.8810278131211
60.2807711099668,66.8239991675189,66.921776194354,63.018495179657,65.9392345197745,64.5212070140768,68.7529648134112,63.7148062836672,56.3351746762993,56.1894761404126,68.4389541146343,46.7300961910455,65.2765528778135,50.5028584921294,63.2888394829998,59.0223164111806,62.4961903211734,67.0179776303493,67.3463635674586,61.5082130810636,63.3956353762096,57.9378944543386,66.2634589095711,62.8584987732404,69.6065893649737,51.2351871302823,66.6442889069968,68.1902723948013,51.1673738005058,69.6582166899091,48.6694148631645
60.2807711099668,66.824006711423,66.922002574991,63.018495179657,65.9398142236147,64.5212070140768,68.7529667852662,63.7313416505944,56.3351746762993,56.1894761404126,68.4545144715422,46.7300961910455,65.2765528778135,50.5029700164007,63.2888394831672,60.0131797021515,62.4962168353146,67.0179776303493,67.3465103354453,61.5082418394714,63.3956353762096,57.9378969000219,66.2636974970778,62.8584987732404,69.6065893649737,51.2351885434053,66.6442889069968,68.1902723948013,51.1682130593683,69.6582166899091,49.5767909344946
