-70.1963601241122,-47.2781364354868,-79.6561883486087,-137.297338000495,-82.466563003934,-140.522386962162,-68.0754447878561,-79.0873056088816,-86.7399381676633,-71.0690174434478,-96.3520392461959,-96.0052291824777,-87.2897943778118,-109.620240765493,-39.3213542351003,-79.8941577958482,-40.9810630025163,-63.7198612987876,-123.930979296863,-74.5026406556369,-105.430146450956,-83.4534355392832,-116.271247506447,-258.812890543152,-92.2203609582857,-73.0247306162725,-58.8744923998657,-55.9475810157439,-154.362883084644,-177.285468119503,-116.858946968431
28.8618095701262,30.5267654829936,22.055800126428,0.860972568749816,31.3536642561787,-1.6242286934541,16.4449005033596,33.9950439856774,12.0706922151783,2.37856092045681,6.07848102809781,15.3125814080854,12.1005416494022,4.84165202927534,18.362393166153,15.8432781379806,35.0539243213333,14.6645767175003,14.5987596513132,27.5189354566933,35.2464420586744,11.8317503528773,-1.39624464911589,-7.83451192664317,4.45205672146851,17.1333632989515,27.8556222357075,27.1562686450256,-3.03689298348043,7.23345814412152,25.5058118476898
64.2065174320616,47.4310133452127,52.2587207246433,33.6476674767506,52.0714026534534,36.9111741412227,42.3995834353936,53.1207794311552,33.5250258549487,25.4493161182898,60.1025358453706,42.5894931447211,47.8082574306094,36.9257045416409,41.7363716480591,47.0826233299588,67.6115972588602,37.4172628501866,39.7341519099072,53.0387755658894,53.8496471929575,23.995362185037,24.4988884244921,65.2273765519229,32.0997761056779,41.6110030506511,56.1047157250936,54.0801615240262,25.1469645605627,53.3814831398621,44.5964811148547
67.9678314663189,49.4840505659048,57.872476346551,53.8658108536962,59.9750616487576,47.5064605480084,51.6872471372156,61.0776159979503,59.7197217516803,41.4305098350684,63.3076818812118,54.2116899236353,51.8047333732867,60.8581203776455,48.3680959149582,59.7188555871212,69.4718598861063,57.1354783061435,60.5028223162676,54.3881975910171,54.3635280663869,48.6427850733843,51.2083739222167,67.6477142665416,58.9328795976659,49.9780012415966,62.3677946419281,62.9441889420985,53.0720410084309,59.9050738113088,46.7727641336533
69.1598828750216,50.0099489490634,58.7865613648258,58.814165837332,64.357733647691,52.3858638599614,55.6803187624818,62.3658658479135,66.2306703241331,42.9459646218436,64.788315635199,57.7347409233115,53.0210367259707,66.1541626381199,49.2163997705537,61.2912671441338,69.7024766966383,61.6945574878008,63.1539310371058,55.7390655272426,54.664238818069,52.0351756430688,59.7007547080848,68.5924178311547,65.2011431756296,54.061822151447,63.502903462206,65.4797916557896,60.9043407166605,62.9208586826609,49.5063321647428
69.7382891068639,50.1751726796676,58.9848317698305,62.6027003006893,65.469208637989,58.0291210935795,57.9271528573478,62.7807439107296,67.3243419051201,44.8720180823917,65.3422403025234,58.7508241795423,54.0230926090617,66.8411121057634,49.9248260481034,62.4251356094693,69.829386592207,63.9414405694089,67.382613767916,55.8438145669508,54.8402422030949,52.5093881826966,61.8460183880262,69.1584368486658,66.1094868235616,55.1100607967008,63.6853171124288,66.005707757098,63.1654522047251,63.4799496355177,51.2999652442489
46.5928144035332,41.2544422775974,35.5574844292124,45.8302940862812,46.1258502834621,20.4430017878292,46.2978837047802,49.5354373140626,25.2493333679148,28.6439285102925,63.9441447796006,28.981308842717,42.5180592897645,26.3853946209646,37.4327186863298,59.9887516243739,44.8868501549943,43.1372436735987,27.4556725704525,59.1328024840231,50.761004012466,38.2376210373174,25.6810654514602,40.1353567760215,28.3909863209821,24.2277602746693,47.3466233830446,38.2065265979608,28.5809710011998,53.6925761240762,37.7364939155576
66.3367869839418,50.0514150998542,55.0893304982139,61.6843491492019,63.7805644314959,52.6342134960629,61.9650990012157,57.019533891925,61.6412384595628,56.3639874992363,68.0891424564801,52.1594451100617,62.9146161996488,51.8871227081808,63.3199464313718,63.914728252646,63.754411662767,63.9930555125348,61.978918126491,64.3516503887884,55.9889723761745,47.6664963153305,59.8032073423858,56.801694883325,64.5495185099087,62.8734610029746,68.1110449127564,63.378067660113,65.4234461658624,61.2212971895181,58.8011640008132
67.7286880554427,65.8740759561974,56.0614261347773,63.149448940952,66.7882052948441,56.8438670991359,63.6561099514741,65.0765267414594,64.3612623465702,62.7501853404446,69.1548766339734,53.1497489961708,66.0124272993064,53.8563883727694,64.3847290817176,64.9303537386615,65.2365057630543,67.7749570911247,62.9840046467527,66.9940383081791,57.3105667438361,49.9878459674471,64.3873379411323,58.0502243798913,65.1527246123379,63.5511982657615,68.8239750259534,64.2402295469849,67.3771481767567,63.6495995757079,59.5649852697101
68.4725289060289,67.5025958414534,56.3504928472099,63.6135463773477,67.6546645344676,62.2895753938608,64.9183094517033,65.891670668868,64.9247300833153,65.3215187679075,69.6286878756689,53.5790565069334,67.2679292171026,59.0282874197173,65.0244338945754,65.6585372102326,65.9438137217902,68.2247121034764,63.6237853595683,67.436873807162,58.4073432392015,55.1552439436815,65.8751018965419,59.0898069965542,65.6346437743889,64.1461535342104,68.9758762902407,64.4746309137506,67.8852943757708,66.1089760995756,60.3087512281333
68.7551592212916,68.1496720778175,56.428041389447,63.8894398577153,68.2875249531674,65.85259570423,65.0945071850018,66.6688936549113,65.3465095776537,66.2460688325496,69.7632943515133,54.5855659983862,67.8011310116791,65.8029073334708,65.1197978783593,66.2408130583502,66.4392713420263,69.2592363102898,63.9319370591325,67.684040765033,59.9264183559346,57.7145023669216,67.2647516143346,59.3349619714334,65.8033312609573,64.3662560158041,69.095093044358,64.713974250811,68.1374554610038,67.0277907337583,60.7518432540214
68.8335978295334,68.4680496553272,56.4609701009197,64.0608675074162,68.5558680058303,67.0252320768178,65.2093242842337,66.7748617266176,65.4928353765742,66.7339367127271,69.7925154557709,54.7849828450578,67.9295914609525,66.6734485085687,65.243467781581,66.3994860090423,66.4956663935034,69.3768762009061,64.1136923816078,67.782529687239,62.8718940397317,60.3552700764959,67.9565571908494,59.4098346037923,65.8751487293829,64.415678434931,69.1082975237142,64.765932091781,68.2126798123639,67.1287025812362,60.866634531391
31.8050435359362,35.8755287600228,50.1201458629306,35.9223417322816,45.5977327012174,17.2880583070895,49.0642452964602,53.8748322733849,24.2374855220428,26.9008231291532,49.3100221566633,24.4812382384065,42.8214971611852,30.8307503502625,62.1591351603267,58.345743452906,40.4545204342501,45.2142710258747,28.9450908642577,41.738754757448,32.301771480011,42.966743972926,34.2017841814097,28.9436635575973,31.2048659720487,18.5832013605556,35.4617060911073,29.406540193598,20.9150347943441,51.6414889065583,36.142186515678
61.7527833650031,60.4335497014782,57.2618478611294,64.2322916226031,64.2400492262983,64.0752911060952,67.0905917069484,62.8800099004425,61.1857280732418,65.5055421745082,56.4212452534014,49.372062866041,61.1404113664123,61.1330717366918,66.1821962631733,65.9804183843762,61.7297955746499,58.2563032020869,58.3854354413171,52.7594657814398,67.2599070392864,57.6315464323219,62.676228354893,53.4052557438378,66.1784466213232,65.8062025567943,54.1028680535054,48.3253780684989,63.8273354059042,63.7289896432471,67.5907256792486
67.9235413227246,63.6508275953926,59.4093631144267,65.399117894838,66.5986073613887,66.1587410767662,67.5953434493214,64.4391639887126,64.303948539108,67.7974235342343,58.4895141550637,50.6635003438569,61.9087197027005,63.6656885866356,66.4831528572093,67.6919205981794,64.4609829008306,58.8887713784773,59.2173748634051,55.4478642995454,68.277049072466,57.6315464323219,64.1836169077794,54.5555852321158,68.2651849600222,67.890110792904,56.8557927797792,50.6926982421501,65.8669005309543,67.8881892590774,68.176418839962
68.5296184659877,64.1383200775331,60.343021103629,66.8835092555438,67.1971099659828,68.4545654919247,68.1229233382426,64.8897455458046,65.3145905195633,68.1983293292992,58.8996595752319,52.3916587018485,62.0623379136037,64.7147308136611,66.9573704631814,68.9354391294237,65.6457581452531,60.4431138072545,62.5952682265426,56.2447984088738,68.8531323405376,57.9643951098217,64.8532248046017,59.3419155883271,68.9322827260788,68.2370615665677,57.6499762397636,51.9457297818611,66.7155889779892,68.6007361681714,69.1773988569376
69.033695951216,64.3483336828361,61.1224467783271,67.998748952131,67.4256303590151,68.7579982737401,68.8321088446781,65.0542151840517,65.6075375944675,68.4119281612659,59.1381514359689,53.1336168065914,62.217182581952,65.5188798845023,67.5775405655951,69.3136825610896,66.0645998110678,60.89092794034,64.846646921748,56.9194308699346,69.0311995781858,58.534872950715,66.3399078494443,61.1724277971947,69.1154026826438,68.3957118519245,58.2479499069191,52.3472992819127,67.2341332498657,68.9235626202596,69.3575464499695
69.3167164020346,64.5839285209486,61.5972292752727,68.5269415518989,67.7544383839126,69.1175757002639,69.0540229087929,65.1171880965384,65.8189253959362,68.58861997053,59.2965733394057,53.6037187335359,62.2618402749551,65.7968945874419,67.6608711431583,69.4485910758635,66.3161008526816,61.0699378235202,66.9768653186783,57.2025933668216,69.084966639494,59.9055491420223,66.7202359899817,61.6249623741326,69.3111724959416,68.4255638583536,58.45709731185,52.6383823835932,67.3635802745317,69.0883864905517,69.4193959545691
